0 0.819533 0.573032        0 0.409766 0.286516        0        1
0.0001 0.773908 0.633298        0 0.386954 0.316649        0        1
0.0002 0.730436 0.682981        0 0.365218 0.34149       0       1
0.0003 0.689763 0.724035        0 0.344882 0.362017        0        1
0.0004 0.652129 0.758108        0 0.326064 0.379054        0        1
0.0005  0.61753 0.786547        0 0.308765 0.393274        0        1
0.0006 0.585833 0.810432        0 0.292916 0.405216        0        1
0.0007 0.556836 0.830622        0 0.278418 0.415311        0        1
0.0008 0.530315 0.847801        0 0.265157 0.4239      0      1
0.0009 0.50604 0.86251       0  0.25302 0.431255        0        1
0.001 0.483795 0.875181        0 0.241897 0.437591        0        1
0.0011 0.463376 0.886162        0 0.231688 0.443081        0        1
0.0012   0.4446 0.895729        0   0.2223 0.447865        0        1
0.0013 0.427302 0.904109        0 0.213651 0.452054        0        1
0.0014 0.411334 0.911485        0 0.205667 0.455742        0        1
0.0015 0.396564 0.918007        0 0.198282 0.459004        0        1
0.0016 0.382876 0.9238      0 0.191438 0.4619      0      1
0.0017 0.370166 0.928965        0 0.185083 0.464483        0        1
0.0018 0.358344 0.93359       0 0.179172 0.466795        0        1
0.0019 0.347327 0.937744        0 0.173664 0.468872        0        1
0.002 0.337044 0.941489        0 0.168522 0.470745        0        1
0.0021 0.327429 0.944876        0 0.163714 0.472438        0        1
0.0022 0.318425 0.947948        0 0.159213 0.473974        0        1
0.0023 0.309981 0.950743        0 0.154991 0.475371        0        1
0.0024 0.302052 0.953292        0 0.151026 0.476646        0        1
0.0025 0.294594 0.955622        0 0.147297 0.477811        0        1
0.0026 0.287573 0.957759        0 0.143786 0.478879        0        1
0.0027 0.280953 0.959721        0 0.140477 0.479861        0        1
0.0028 0.274705 0.961528        0 0.137353 0.480764        0        1
0.0029 0.268802 0.963195        0 0.134401 0.481598        0        1
0.003 0.263219 0.964736        0 0.131609 0.482368        0        1
0.0031 0.257932 0.966163        0 0.128966 0.483082        0        1
0.0032 0.252922 0.967487        0 0.126461 0.483743        0        1
0.0033  0.24817 0.968716        0 0.124085 0.484358        0        1
0.0034 0.243659 0.969861        0 0.12183 0.48493       0       1
0.0035 0.239373 0.970928        0 0.119687 0.485464        0        1
0.0036 0.235298 0.971923        0 0.117649 0.485962        0        1
0.0037 0.231421 0.972854        0  0.11571 0.486427        0        1
0.0038 0.227729 0.973725        0 0.113865 0.486862        0        1
0.0039 0.224212 0.97454       0 0.112106 0.48727       0       1
0.004 0.220858 0.975306        0 0.110429 0.487653        0        1
0.0041 0.217659 0.976025        0  0.10883 0.488012        0        1
0.0042 0.214606 0.976701        0 0.107303 0.48835       0       1
0.0043 0.211691 0.977337        0 0.105845 0.488668        0        1
0.0044 0.208905 0.977936        0 0.104453 0.488968        0        1
0.0045 0.206242 0.978501        0 0.103121 0.48925       0       1
0.0046 0.203696 0.979034        0 0.101848 0.489517        0        1
0.0047  0.20126 0.979538        0  0.10063 0.489769        0        1
0.0048 0.198929 0.980014        0 0.0994643 0.490007        0        1
0.0049 0.196696 0.980464        0 0.0983482 0.490232        0        1
0.005 0.194559 0.980891        0 0.0972793 0.490445        0        1
0.0051  0.19251 0.981295        0 0.0962551 0.490647        0        1
0.0052 0.190547 0.981678        0 0.0952736 0.490839        0        1
0.0053 0.188665 0.982041        0 0.0943327 0.491021        0        1
0.0054 0.186861 0.982386        0 0.0934304 0.491193        0        1
0.0055  0.18513 0.982714        0 0.0925651 0.491357        0        1
0.0056  0.18347 0.983025        0 0.0917349 0.491513        0        1
0.0057 0.181876 0.983321        0 0.0909382 0.491661        0        1
0.0058 0.180347 0.983603        0 0.0901737 0.491801        0        1
0.0059  0.17888 0.983871        0 0.0894398 0.491935        0        1
0.006  0.17747 0.984126        0 0.0887352 0.492063        0        1
0.0061 0.176117 0.984369        0 0.0880587 0.492185        0        1
0.0062 0.174818 0.984601        0 0.0874091 0.4923      0      1
0.0063  0.17357 0.984821        0 0.0867851 0.492411        0        1
0.0064 0.172372 0.985032        0 0.0861859 0.492516        0        1
0.0065  0.17122 0.985233        0 0.0856102 0.492616        0        1
0.0066 0.170114 0.985424        0 0.0850572 0.492712        0        1
0.0067 0.169052 0.985607        0 0.084526 0.492804        0        1
0.0068 0.168031 0.985782        0 0.0840157 0.492891        0        1
0.0069 0.167051 0.985948        0 0.0835254 0.492974        0        1
0.007 0.166109 0.986107        0 0.0830544 0.493054        0        1
0.0071 0.165204 0.986259        0 0.082602 0.49313       0       1
0.0072 0.164335 0.986405        0 0.0821674 0.493202        0        1
0.0073   0.1635 0.986543        0 0.0817499 0.493272        0        1
0.0074 0.162698 0.986676        0 0.0813489 0.493338        0        1
0.0075 0.161927 0.986803        0 0.0809637 0.493401        0        1
0.0076 0.161188 0.986924        0 0.0805939 0.493462        0        1
0.0077 0.160478 0.987039        0 0.0802388 0.49352       0       1
0.0078 0.159796 0.98715       0 0.0798978 0.493575        0        1
0.0079 0.159141 0.987256        0 0.0795705 0.493628        0        1
0.008 0.158513 0.987357        0 0.0792564 0.493678        0        1
0.0081  0.15791 0.987453        0 0.078955 0.493727        0        1
0.0082 0.157332 0.987546        0 0.0786659 0.493773        0        1
0.0083 0.156777 0.987634        0 0.0783885 0.493817        0        1
0.0084 0.156245 0.987718        0 0.0781226 0.493859        0        1
0.0085 0.155735 0.987799        0 0.0778676 0.493899        0        1
0.0086 0.155247 0.987876        0 0.0776233 0.493938        0        1
0.0087 0.154778 0.987949        0 0.0773892 0.493975        0        1
0.0088  0.15433 0.988019        0 0.0771649 0.49401       0       1
0.0089 0.153901 0.988086        0 0.0769503 0.494043        0        1
0.009 0.15349 0.98815       0 0.0767448 0.494075        0        1
0.0091 0.153097 0.988211        0 0.0765483 0.494106        0        1
0.0092 0.152721 0.988269        0 0.0763603 0.494135        0        1
0.0093 0.152361 0.988325        0 0.0761806 0.494162        0        1
0.0094 0.152018 0.988378        0 0.076009 0.494189        0        1
0.0095  0.15169 0.988428        0 0.0758451 0.494214        0        1
0.0096 0.151377 0.988476        0 0.0756887 0.494238        0        1
0.0097 0.151079 0.988522        0 0.0755394 0.494261        0        1
0.0098 0.150794 0.988565        0 0.0753972 0.494283        0        1
0.0099 0.150523 0.988606        0 0.0752617 0.494303        0        1
0.01 0.150265 0.988646        0 0.0751327 0.494323        0        1
0.0101  0.15002 0.988683        0  0.07501 0.494341        0        1
0.0102 0.149787 0.988718        0 0.0748934 0.494359        0        1
0.0103 0.149565 0.988752        0 0.0747826 0.494376        0        1
0.0104 0.149355 0.988784        0 0.0746774 0.494392        0        1
0.0105 0.149155 0.988814        0 0.0745777 0.494407        0        1
0.0106 0.148967 0.988842        0 0.0744833 0.494421        0        1
0.0107 0.148788 0.988869        0 0.0743939 0.494435        0        1
0.0108 0.148619 0.988895        0 0.0743094 0.494447        0        1
0.0109 0.148459 0.988919        0 0.0742297 0.494459        0        1
0.011 0.148309 0.988941        0 0.0741544 0.494471        0        1
0.0111 0.148167 0.988962        0 0.0740836 0.494481        0        1
0.0112 0.148034 0.988982        0 0.0740169 0.494491        0        1
0.0113 0.147909 0.989001        0 0.0739544 0.494501        0        1
0.0114 0.147791 0.989019        0 0.0738957 0.494509        0        1
0.0115 0.147681 0.989035        0 0.0738407 0.494517        0        1
0.0116 0.147579 0.98905       0 0.0737894 0.494525        0        1
0.0117 0.147483 0.989065        0 0.0737415 0.494532        0        1
0.0118 0.147394 0.989078        0 0.073697 0.494539        0        1
0.0119 0.147311 0.98909       0 0.0736556 0.494545        0        1
0.012 0.147234 0.989102        0 0.0736172 0.494551        0        1
0.0121 0.147164 0.989112        0 0.0735818 0.494556        0        1
0.0122 0.147098 0.989122        0 0.0735491 0.494561        0        1
0.0123 0.147038 0.989131        0 0.0735191 0.494565        0        1
0.0124 0.146983 0.989139        0 0.0734916 0.494569        0        1
0.0125 0.146933 0.989146        0 0.0734665 0.494573        0        1
0.0126 0.146888 0.989153        0 0.0734438 0.494577        0        1
0.0127 0.146846 0.989159        0 0.0734231 0.49458       0       1
0.0128 0.146809 0.989165        0 0.0734046 0.494582        0        1
0.0129 0.146776 0.98917       0 0.0733879 0.494585        0        1
0.013 0.146746 0.989174        0 0.0733731 0.494587        0        1
0.0131  0.14672 0.989178        0  0.07336 0.494589        0        1
0.0132 0.146697 0.989181        0 0.0733485 0.494591        0        1
0.0133 0.146677 0.989184        0 0.0733385 0.494592        0        1
0.0134  0.14666 0.989187        0 0.0733299 0.494594        0        1
0.0135 0.146645 0.989189        0 0.0733225 0.494595        0        1
0.0136 0.146633 0.989191        0 0.0733163 0.494596        0        1
0.0137 0.146622 0.989193        0 0.0733112 0.494596        0        1
0.0138 0.146614 0.989194        0 0.0733071 0.494597        0        1
0.0139 0.146608 0.989195        0 0.0733038 0.494597        0        1
0.014 0.146603 0.989195        0 0.0733013 0.494598        0        1
0.0141 0.146599 0.989196        0 0.0732994 0.494598        0        1
0.0142 0.146596 0.989196        0 0.0732981 0.494598        0        1
0.0143 0.146595 0.989197        0 0.0732973 0.494598        0        1
0.0144 0.146594 0.989197        0 0.0732968 0.494598        0        1
0.0145 0.146593 0.989197        0 0.0732966 0.494598        0        1
0.0146 0.146593 0.989197        0 0.0732965 0.494598        0        1
0.0147 0.146593 0.989197        0 0.0732965 0.494598        0        1
0.0148 0.146593 0.989197        0 0.0732965 0.494598        0        1
0.0149 0.146593 0.989197        0 0.0732967 0.494598        0        1
0.015 0.146594 0.989197        0 0.0732971 0.494598        0        1
0.0151 0.146596 0.989196        0 0.0732979 0.494598        0        1
0.0152 0.146598 0.989196        0 0.073299 0.494598        0        1
0.0153 0.146602 0.989196        0 0.0733008 0.494598        0        1
0.0154 0.146606 0.989195        0 0.0733031 0.494597        0        1
0.0155 0.146612 0.989194        0 0.0733061 0.494597        0        1
0.0156  0.14662 0.989193        0  0.07331 0.494596        0        1
0.0157  0.14663 0.989191        0 0.0733148 0.494596        0        1
0.0158 0.146641 0.98919       0 0.0733206 0.494595        0        1
0.0159 0.146655 0.989188        0 0.0733276 0.494594        0        1
0.016 0.146671 0.989185        0 0.0733357 0.494593        0        1
0.0161  0.14669 0.989182        0 0.0733451 0.494591        0        1
0.0162 0.146712 0.989179        0 0.0733559 0.49459       0       1
0.0163 0.146736 0.989176        0 0.0733682 0.494588        0        1
0.0164 0.146764 0.989172        0 0.073382 0.494586        0        1
0.0165 0.146795 0.989167        0 0.0733975 0.494583        0        1
0.0166  0.14683 0.989162        0 0.0734148 0.494581        0        1
0.0167 0.146868 0.989156        0 0.0734338 0.494578        0        1
0.0168 0.14691 0.98915       0 0.0734548 0.494575        0        1
0.0169 0.146956 0.989143        0 0.0734778 0.494572        0        1
0.017 0.147006 0.989136        0 0.0735029 0.494568        0        1
0.0171  0.14706 0.989128        0 0.0735301 0.494564        0        1
0.0172 0.147119 0.989119        0 0.0735595 0.494559        0        1
0.0173 0.147183 0.989109        0 0.0735913 0.494555        0        1
0.0174 0.147251 0.989099        0 0.0736254 0.49455       0       1
0.0175 0.147324 0.989088        0 0.0736621 0.494544        0        1
0.0176 0.147402 0.989077        0 0.0737012 0.494538        0        1
0.0177 0.147486 0.989064        0 0.073743 0.494532        0        1
0.0178 0.147575 0.989051        0 0.0737874 0.494525        0        1
0.0179 0.147669 0.989037        0 0.0738345 0.494518        0        1
0.018 0.147769 0.989022        0 0.0738845 0.494511        0        1
0.0181 0.147875 0.989006        0 0.0739373 0.494503        0        1
0.0182 0.147986 0.988989        0 0.0739931 0.494495        0        1
0.0183 0.148104 0.988972        0 0.0740518 0.494486        0        1
0.0184 0.148227 0.988953        0 0.0741136 0.494477        0        1
0.0185 0.148357 0.988934        0 0.0741784 0.494467        0        1
0.0186 0.148493 0.988913        0 0.0742465 0.494457        0        1
0.0187 0.148635 0.988892        0 0.0743177 0.494446        0        1
0.0188 0.148784 0.98887       0 0.0743921 0.494435        0        1
0.0189  0.14894 0.988846        0 0.0744699 0.494423        0        1
0.019 0.149102 0.988822        0 0.074551 0.494411        0        1
0.0191 0.149271 0.988796        0 0.0746354 0.494398        0        1
0.0192 0.149447 0.98877       0 0.0747233 0.494385        0        1
0.0193 0.149629 0.988742        0 0.0748147 0.494371        0        1
0.0194 0.149819 0.988713        0 0.0749095 0.494357        0        1
0.0195 0.150016 0.988684        0 0.0750078 0.494342        0        1
0.0196  0.15022 0.988653        0 0.0751098 0.494326        0        1
0.0197 0.150431 0.988621        0 0.0752153 0.49431       0       1
0.0198 0.150649 0.988587        0 0.0753244 0.494294        0        1
0.0199 0.150874 0.988553        0 0.0754372 0.494276        0        1
0.02 0.151107 0.988517        0 0.0755536 0.494259        0        1
0.0201 0.151347 0.988481        0 0.0756737 0.49424       0       1
0.0202 0.151595 0.988443        0 0.0757975 0.494221        0        1
0.0203  0.15185 0.988404        0 0.0759251 0.494202        0        1
0.0204 0.152113 0.988363        0 0.0760564 0.494182        0        1
0.0205 0.152383 0.988322        0 0.0761915 0.494161        0        1
0.0206 0.152661 0.988279        0 0.0763303 0.494139        0        1
0.0207 0.152946 0.988235        0 0.0764729 0.494117        0        1
0.0208 0.153239 0.988189        0 0.0766193 0.494095        0        1
0.0209 0.153539 0.988143        0 0.0767695 0.494071        0        1
0.021 0.153847 0.988095        0 0.0769236 0.494047        0        1
0.0211 0.154163 0.988045        0 0.0770814 0.494023        0        1
0.0212 0.154486 0.987995        0 0.077243 0.493997        0        1
0.0213 0.154817 0.987943        0 0.0774085 0.493972        0        1
0.0214 0.155155 0.98789       0 0.0775777 0.493945        0        1
0.0215 0.155502 0.987836        0 0.0777508 0.493918        0        1
0.0216 0.155855 0.98778       0 0.0779277 0.49389       0       1
0.0217 0.156217 0.987723        0 0.0781083 0.493861        0        1
0.0218 0.156586 0.987664        0 0.0782928 0.493832        0        1
0.0219 0.156962 0.987605        0 0.0784811 0.493802        0        1
0.022 0.157346 0.987544        0 0.0786731 0.493772        0        1
0.0221 0.157738 0.987481        0 0.0788689 0.493741        0        1
0.0222 0.158137 0.987417        0 0.0790684 0.493709        0        1
0.0223 0.158543 0.987352        0 0.0792717 0.493676        0        1
0.0224 0.158957 0.987285        0 0.0794787 0.493643        0        1
0.0225 0.159379 0.987217        0 0.0796894 0.493609        0        1
0.0226 0.159808 0.987148        0 0.0799039 0.493574        0        1
0.0227 0.160244 0.987077        0 0.0801219 0.493539        0        1
0.0228 0.160687 0.987005        0 0.0803437 0.493503        0        1
0.0229 0.161138 0.986932        0 0.0805691 0.493466        0        1
0.023 0.161596 0.986857        0 0.0807981 0.493428        0        1
0.0231 0.162061 0.986781        0 0.0810307 0.49339       0       1
0.0232 0.162534 0.986703        0 0.0812668 0.493352        0        1
0.0233 0.163013 0.986624        0 0.0815065 0.493312        0        1
0.0234   0.1635 0.986543        0 0.0817498 0.493272        0        1
0.0235 0.163993 0.986462        0 0.0819965 0.493231        0        1
0.0236 0.164493 0.986378        0 0.0822467 0.493189        0        1
0.0237 0.165001 0.986293        0 0.0825004 0.493147        0        1
0.0238 0.165515 0.986207        0 0.0827574 0.493104        0        1
0.0239 0.166036 0.98612       0 0.0830179 0.49306       0       1
0.024 0.166563 0.986031        0 0.0832817 0.493015        0        1
0.0241 0.167098 0.98594       0 0.0835489 0.49297       0       1
0.0242 0.167639 0.985848        0 0.0838194 0.492924        0        1
0.0243 0.168186 0.985755        0 0.0840931 0.492878        0        1
0.0244  0.16874 0.985661        0 0.0843701 0.49283       0       1
0.0245 0.169301 0.985564        0 0.0846503 0.492782        0        1
0.0246 0.169867 0.985467        0 0.0849337 0.492733        0        1
0.0247  0.17044 0.985368        0 0.0852202 0.492684        0        1
0.0248  0.17102 0.985268        0 0.0855098 0.492634        0        1
0.0249 0.171605 0.985166        0 0.0858026 0.492583        0        1
0.025 0.172197 0.985063        0 0.0860984 0.492531        0        1
0.0251 0.172794 0.984958        0 0.0863972 0.492479        0        1
0.0252 0.173398 0.984852        0 0.086699 0.492426        0        1
0.0253 0.174007 0.984744        0 0.0870037 0.492372        0        1
0.0254 0.174623 0.984635        0 0.0873114 0.492318        0        1
0.0255 0.175244 0.984525        0 0.0876219 0.492263        0        1
0.0256 0.175871 0.984413        0 0.0879353 0.492207        0        1
0.0257 0.176503 0.9843      0 0.0882516 0.49215       0       1
0.0258 0.177141 0.984185        0 0.0885706 0.492093        0        1
0.0259 0.177785 0.984069        0 0.0888923 0.492035        0        1
0.026 0.178434 0.983952        0 0.0892168 0.491976        0        1
0.0261 0.179088 0.983833        0 0.089544 0.491917        0        1
0.0262 0.179748 0.983713        0 0.0898738 0.491856        0        1
0.0263 0.180412 0.983591        0 0.0902062 0.491796        0        1
0.0264 0.181082 0.983468        0 0.0905412 0.491734        0        1
0.0265 0.181757 0.983343        0 0.0908787 0.491672        0        1
0.0266 0.182438 0.983217        0 0.0912188 0.491609        0        1
0.0267 0.183123 0.98309       0 0.0915613 0.491545        0        1
0.0268 0.183813 0.982961        0 0.0919063 0.491481        0        1
0.0269 0.184507 0.982831        0 0.0922536 0.491416        0        1
0.027 0.185207 0.9827      0 0.0926034 0.49135       0       1
0.0271 0.185911 0.982567        0 0.0929555 0.491283        0        1
0.0272  0.18662 0.982432        0 0.0933099 0.491216        0        1
0.0273 0.187333 0.982296        0 0.0936666 0.491148        0        1
0.0274 0.188051 0.982159        0 0.0940255 0.49108       0       1
0.0275 0.188773 0.982021        0 0.0943866 0.49101       0       1
0.0276   0.1895 0.981881        0 0.0947499 0.49094       0       1
0.0277 0.190231 0.981739        0 0.0951154 0.49087       0       1
0.0278 0.190966 0.981597        0 0.0954829 0.490798        0        1
0.0279 0.191705 0.981453        0 0.0958525 0.490726        0        1
0.028 0.192448 0.981307        0 0.0962242 0.490654        0        1
0.0281 0.193196 0.98116       0 0.0965979 0.49058       0       1
0.0282 0.193947 0.981012        0 0.0969736 0.490506        0        1
0.0283 0.194702 0.980862        0 0.0973512 0.490431        0        1
0.0284 0.195462 0.980711        0 0.0977308 0.490356        0        1
0.0285 0.196224 0.980559        0 0.0981122 0.49028       0       1
0.0286 0.196991 0.980405        0 0.0984955 0.490203        0        1
0.0287 0.197761 0.98025       0 0.0988806 0.490125        0        1
0.0288 0.198535 0.980094        0 0.0992675 0.490047        0        1
0.0289 0.199312 0.979936        0 0.0996562 0.489968        0        1
0.029 0.200093 0.979777        0 0.100047 0.489888        0        1
0.0291 0.200878 0.979616        0 0.100439 0.489808        0        1
0.0292 0.201665 0.979455        0 0.100833 0.489727        0        1
0.0293 0.202456 0.979291        0 0.101228 0.489646        0        1
0.0294  0.20325 0.979127        0 0.101625 0.489563        0        1
0.0295 0.204048 0.978961        0 0.102024 0.48948       0       1
0.0296 0.204848 0.978794        0 0.102424 0.489397        0        1
0.0297 0.205652 0.978625        0 0.102826 0.489313        0        1
0.0298 0.206458 0.978455        0 0.103229 0.489228        0        1
0.0299 0.207268 0.978284        0 0.103634 0.489142        0        1
0.03 0.208081 0.978112        0  0.10404 0.489056        0        1
0.0301 0.208896 0.977938        0 0.104448 0.488969        0        1
0.0302 0.209714 0.977763        0 0.104857 0.488881        0        1
0.0303 0.210535 0.977586        0 0.105268 0.488793        0        1
0.0304 0.211359 0.977409        0 0.105679 0.488704        0        1
0.0305 0.212185 0.977229        0 0.106093 0.488615        0        1
0.0306 0.213014 0.977049        0 0.106507 0.488525        0        1
0.0307 0.213846 0.976867        0 0.106923 0.488434        0        1
0.0308  0.21468 0.976684        0  0.10734 0.488342        0        1
0.0309 0.215516 0.9765      0 0.107758 0.48825       0       1
0.031 0.216355 0.976315        0 0.108178 0.488157        0        1
0.0311 0.217197 0.976128        0 0.108598 0.488064        0        1
0.0312 0.218041 0.97594       0 0.10902 0.48797       0       1
0.0313 0.218886 0.97575       0 0.109443 0.487875        0        1
0.0314 0.219735 0.97556       0 0.109867 0.48778       0       1
0.0315 0.220585 0.975368        0 0.110293 0.487684        0        1
0.0316 0.221438 0.975174        0 0.110719 0.487587        0        1
0.0317 0.222293 0.97498       0 0.111146 0.48749       0       1
0.0318 0.223149 0.974784        0 0.111575 0.487392        0        1
0.0319 0.224008 0.974587        0 0.112004 0.487294        0        1
0.032 0.224869 0.974389        0 0.112435 0.487194        0        1
0.0321 0.225732 0.974189        0 0.112866 0.487095        0        1
0.0322 0.226597 0.973989        0 0.113298 0.486994        0        1
0.0323 0.227463 0.973787        0 0.113732 0.486893        0        1
0.0324 0.228332 0.973583        0 0.114166 0.486792        0        1
0.0325 0.229202 0.973379        0 0.114601 0.486689        0        1
0.0326 0.230074 0.973173        0 0.115037 0.486587        0        1
0.0327 0.230947 0.972966        0 0.115474 0.486483        0        1
0.0328 0.231823 0.972758        0 0.115911 0.486379        0        1
0.0329   0.2327 0.972549        0  0.11635 0.486274        0        1
0.033 0.233579 0.972338        0 0.116789 0.486169        0        1
0.0331 0.234459 0.972126        0 0.117229 0.486063        0        1
0.0332 0.235341 0.971913        0  0.11767 0.485956        0        1
0.0333 0.236224 0.971699        0 0.118112 0.485849        0        1
0.0334 0.237109 0.971483        0 0.118554 0.485742        0        1
0.0335 0.237995 0.971266        0 0.118998 0.485633        0        1
0.0336 0.238883 0.971048        0 0.119441 0.485524        0        1
0.0337 0.239772 0.970829        0 0.119886 0.485415        0        1
0.0338 0.240663 0.970609        0 0.120331 0.485304        0        1
0.0339 0.241554 0.970387        0 0.120777 0.485194        0        1
0.034 0.242447 0.970165        0 0.121224 0.485082        0        1
0.0341 0.243342 0.969941        0 0.121671 0.48497       0       1
0.0342 0.244237 0.969715        0 0.122119 0.484858        0        1
0.0343 0.245134 0.969489        0 0.122567 0.484745        0        1
0.0344 0.246032 0.969262        0 0.123016 0.484631        0        1
0.0345 0.246931 0.969033        0 0.123466 0.484516        0        1
0.0346 0.247832 0.968803        0 0.123916 0.484402        0        1
0.0347 0.248733 0.968572        0 0.124367 0.484286        0        1
0.0348 0.249636 0.96834       0 0.124818 0.48417       0       1
0.0349 0.250539 0.968106        0  0.12527 0.484053        0        1
0.035 0.251444 0.967872        0 0.125722 0.483936        0        1
0.0351 0.252349 0.967636        0 0.126175 0.483818        0        1
0.0352 0.253256 0.967399        0 0.126628 0.4837      0      1
0.0353 0.254163 0.967161        0 0.127082 0.483581        0        1
0.0354 0.255072 0.966922        0 0.127536 0.483461        0        1
0.0355 0.255981 0.966682        0 0.127991 0.483341        0        1
0.0356 0.256891 0.96644       0 0.128446 0.48322       0       1
0.0357 0.257802 0.966198        0 0.128901 0.483099        0        1
0.0358 0.258714 0.965954        0 0.129357 0.482977        0        1
0.0359 0.259627 0.965709        0 0.129814 0.482854        0        1
0.036 0.260541 0.965463        0  0.13027 0.482731        0        1
0.0361 0.261455 0.965216        0 0.130727 0.482608        0        1
0.0362  0.26237 0.964967        0 0.131185 0.482484        0        1
0.0363 0.263286 0.964718        0 0.131643 0.482359        0        1
0.0364 0.264202 0.964467        0 0.132101 0.482234        0        1
0.0365  0.26512 0.964216        0  0.13256 0.482108        0        1
0.0366 0.266037 0.963963        0 0.133019 0.481981        0        1
0.0367 0.266956 0.963709        0 0.133478 0.481854        0        1
0.0368 0.267875 0.963454        0 0.133938 0.481727        0        1
0.0369 0.268795 0.963197        0 0.134398 0.481599        0        1
0.037 0.269715 0.96294       0 0.134858 0.48147       0       1
0.0371 0.270636 0.962682        0 0.135318 0.481341        0        1
0.0372 0.271558 0.962422        0 0.135779 0.481211        0        1
0.0373  0.27248 0.962161        0  0.13624 0.481081        0        1
0.0374 0.273403 0.9619      0 0.136701 0.48095       0       1
0.0375 0.274326 0.961637        0 0.137163 0.480818        0        1
0.0376  0.27525 0.961373        0 0.137625 0.480686        0        1
0.0377 0.276174 0.961108        0 0.138087 0.480554        0        1
0.0378 0.277098 0.960842        0 0.138549 0.480421        0        1
0.0379 0.278024 0.960574        0 0.139012 0.480287        0        1
0.038 0.278949 0.960306        0 0.139475 0.480153        0        1
0.0381 0.279875 0.960036        0 0.139937 0.480018        0        1
0.0382 0.280801 0.959766        0 0.140401 0.479883        0        1
0.0383 0.281728 0.959494        0 0.140864 0.479747        0        1
0.0384 0.282655 0.959222        0 0.141328 0.479611        0        1
0.0385 0.283583 0.958948        0 0.141791 0.479474        0        1
0.0386 0.284511 0.958673        0 0.142255 0.479336        0        1
0.0387 0.285439 0.958397        0 0.142719 0.479198        0        1
0.0388 0.286367 0.95812       0 0.143184 0.47906       0       1
0.0389 0.287296 0.957842        0 0.143648 0.478921        0        1
0.039 0.288225 0.957563        0 0.144113 0.478781        0        1
0.0391 0.289155 0.957282        0 0.144577 0.478641        0        1
0.0392 0.290084 0.957001        0 0.145042 0.478501        0        1
0.0393 0.291014 0.956719        0 0.145507 0.478359        0        1
0.0394 0.291945 0.956435        0 0.145972 0.478218        0        1
0.0395 0.292875 0.956151        0 0.146438 0.478075        0        1
0.0396 0.293806 0.955865        0 0.146903 0.477933        0        1
0.0397 0.294737 0.955579        0 0.147368 0.477789        0        1
0.0398 0.295668 0.955291        0 0.147834 0.477645        0        1
0.0399 0.296599 0.955002        0   0.1483 0.477501        0        1
0.04 0.297531 0.954712        0 0.148765 0.477356        0        1
0.0401 0.298462 0.954421        0 0.149231 0.477211        0        1
0.0402 0.299394 0.95413       0 0.149697 0.477065        0        1
0.0403 0.300326 0.953837        0 0.150163 0.476918        0        1
0.0404 0.301258 0.953543        0 0.150629 0.476771        0        1
0.0405 0.302191 0.953248        0 0.151095 0.476624        0        1
0.0406 0.303123 0.952951        0 0.151562 0.476476        0        1
0.0407 0.304056 0.952654        0 0.152028 0.476327        0        1
0.0408 0.304988 0.952356        0 0.152494 0.476178        0        1
0.0409 0.305921 0.952057        0  0.15296 0.476028        0        1
0.041 0.306854 0.951757        0 0.153427 0.475878        0        1
0.0411 0.307787 0.951455        0 0.153893 0.475728        0        1
0.0412  0.30872 0.951153        0  0.15436 0.475577        0        1
0.0413 0.309653 0.95085       0 0.154826 0.475425        0        1
0.0414 0.310586 0.950545        0 0.155293 0.475273        0        1
0.0415 0.311519 0.95024       0 0.15576 0.47512       0       1
0.0416 0.312452 0.949933        0 0.156226 0.474967        0        1
0.0417 0.313385 0.949626        0 0.156693 0.474813        0        1
0.0418 0.314319 0.949318        0 0.157159 0.474659        0        1
0.0419 0.315252 0.949008        0 0.157626 0.474504        0        1
0.042 0.316185 0.948697        0 0.158093 0.474349        0        1
0.0421 0.317119 0.948386        0 0.158559 0.474193        0        1
0.0422 0.318052 0.948073        0 0.159026 0.474037        0        1
0.0423 0.318985 0.94776       0 0.159493 0.47388       0       1
0.0424 0.319918 0.947445        0 0.159959 0.473723        0        1
0.0425 0.320852 0.94713       0 0.160426 0.473565        0        1
0.0426 0.321785 0.946813        0 0.160892 0.473406        0        1
0.0427 0.322718 0.946495        0 0.161359 0.473248        0        1
0.0428 0.323651 0.946177        0 0.161825 0.473088        0        1
0.0429 0.324584 0.945857        0 0.162292 0.472928        0        1
0.043 0.325517 0.945536        0 0.162758 0.472768        0        1
0.0431  0.32645 0.945215        0 0.163225 0.472607        0        1
0.0432 0.327383 0.944892        0 0.163691 0.472446        0        1
0.0433 0.328316 0.944568        0 0.164158 0.472284        0        1
0.0434 0.329248 0.944243        0 0.164624 0.472122        0        1
0.0435 0.330181 0.943918        0  0.16509 0.471959        0        1
0.0436 0.331113 0.943591        0 0.165557 0.471795        0        1
0.0437 0.332046 0.943263        0 0.166023 0.471632        0        1
0.0438 0.332978 0.942935        0 0.166489 0.471467        0        1
0.0439  0.33391 0.942605        0 0.166955 0.471302        0        1
0.044 0.334842 0.942274        0 0.167421 0.471137        0        1
0.0441 0.335774 0.941942        0 0.167887 0.470971        0        1
0.0442 0.336706 0.94161       0 0.168353 0.470805        0        1
0.0443 0.337638 0.941276        0 0.168819 0.470638        0        1
0.0444 0.338569 0.940941        0 0.169285 0.470471        0        1
0.0445 0.339501 0.940606        0  0.16975 0.470303        0        1
0.0446 0.340432 0.940269        0 0.170216 0.470135        0        1
0.0447 0.341363 0.939932        0 0.170682 0.469966        0        1
0.0448 0.342294 0.939593        0 0.171147 0.469796        0        1
0.0449 0.343225 0.939253        0 0.171612 0.469627        0        1
0.045 0.344155 0.938913        0 0.172078 0.469456        0        1
0.0451 0.345086 0.938571        0 0.172543 0.469286        0        1
0.0452 0.346016 0.938229        0 0.173008 0.469114        0        1
0.0453 0.346946 0.937885        0 0.173473 0.468942        0        1
0.0454 0.347876 0.93754       0 0.173938 0.46877       0       1
0.0455 0.348806 0.937195        0 0.174403 0.468597        0        1
0.0456 0.349736 0.936848        0 0.174868 0.468424        0        1
0.0457 0.350665 0.936501        0 0.175332 0.468251        0        1
0.0458 0.351594 0.936153        0 0.175797 0.468076        0        1
0.0459 0.352523 0.935803        0 0.176261 0.467902        0        1
0.046 0.353452 0.935453        0 0.176726 0.467726        0        1
0.0461  0.35438 0.935101        0  0.17719 0.467551        0        1
0.0462 0.355309 0.934749        0 0.177654 0.467375        0        1
0.0463 0.356237 0.934396        0 0.178118 0.467198        0        1
0.0464 0.357164 0.934042        0 0.178582 0.467021        0        1
0.0465 0.358092 0.933686        0 0.179046 0.466843        0        1
0.0466 0.35902 0.93333       0  0.17951 0.466665        0        1
0.0467 0.359947 0.932973        0 0.179973 0.466486        0        1
0.0468 0.360874 0.932615        0 0.180437 0.466307        0        1
0.0469   0.3618 0.932256        0   0.1809 0.466128        0        1
0.047 0.362727 0.931896        0 0.181363 0.465948        0        1
0.0471 0.363653 0.931534        0 0.181826 0.465767        0        1
0.0472 0.364579 0.931172        0 0.182289 0.465586        0        1
0.0473 0.365505 0.93081       0 0.182752 0.465405        0        1
0.0474  0.36643 0.930446        0 0.183215 0.465223        0        1
0.0475 0.367355 0.930081        0 0.183678 0.46504       0       1
0.0476  0.36828 0.929715        0  0.18414 0.464857        0        1
0.0477 0.369205 0.929348        0 0.184602 0.464674        0        1
0.0478 0.370129 0.92898       0 0.185065 0.46449       0       1
0.0479 0.371053 0.928612        0 0.185527 0.464306        0        1
0.048 0.371977 0.928242        0 0.185989 0.464121        0        1
0.0481 0.372901 0.927871        0  0.18645 0.463936        0        1
0.0482 0.373824 0.9275      0 0.186912 0.46375       0       1
0.0483 0.374747 0.927127        0 0.187374 0.463564        0        1
0.0484  0.37567 0.926754        0 0.187835 0.463377        0        1
0.0485 0.376592 0.926379        0 0.188296 0.46319       0       1
0.0486 0.377514 0.926004        0 0.188757 0.463002        0        1
0.0487 0.378436 0.925627        0 0.189218 0.462814        0        1
0.0488 0.379358 0.92525       0 0.189679 0.462625        0        1
0.0489 0.380279 0.924872        0  0.19014 0.462436        0        1
0.049   0.3812 0.924493        0   0.1906 0.462246        0        1
0.0491 0.382121 0.924112        0  0.19106 0.462056        0        1
0.0492 0.383041 0.923731        0 0.191521 0.461866        0        1
0.0493 0.383961 0.923349        0 0.191981 0.461675        0        1
0.0494 0.384881 0.922966        0  0.19244 0.461483        0        1
0.0495   0.3858 0.922582        0   0.1929 0.461291        0        1
0.0496 0.386719 0.922197        0  0.19336 0.461099        0        1
0.0497 0.387638 0.921812        0 0.193819 0.460906        0        1
0.0498 0.388557 0.921425        0 0.194278 0.460712        0        1
0.0499 0.389475 0.921037        0 0.194737 0.460519        0        1
0.05 0.390392 0.920649        0 0.195196 0.460324        0        1
0.0501  0.39131 0.920259        0 0.195655 0.460129        0        1
0.0502 0.392227 0.919868        0 0.196114 0.459934        0        1
0.0503 0.393144 0.919477        0 0.196572 0.459738        0        1
0.0504  0.39406 0.919085        0  0.19703 0.459542        0        1
0.0505 0.394977 0.918691        0 0.197488 0.459346        0        1
0.0506 0.395892 0.918297        0 0.197946 0.459148        0        1
0.0507 0.396808 0.917902        0 0.198404 0.458951        0        1
0.0508 0.397723 0.917506        0 0.198861 0.458753        0        1
0.0509 0.398638 0.917108        0 0.199319 0.458554        0        1
0.051 0.399552 0.91671       0 0.199776 0.458355        0        1
0.0511 0.400466 0.916312        0 0.200233 0.458156        0        1
0.0512  0.40138 0.915912        0  0.20069 0.457956        0        1
0.0513 0.402293 0.915511        0 0.201147 0.457755        0        1
0.0514 0.403206 0.915109        0 0.201603 0.457555        0        1
0.0515 0.404119 0.914706        0  0.20206 0.457353        0        1
0.0516 0.405031 0.914303        0 0.202516 0.457151        0        1
0.0517 0.405943 0.913898        0 0.202972 0.456949        0        1
0.0518 0.406855 0.913493        0 0.203427 0.456746        0        1
0.0519 0.407766 0.913086        0 0.203883 0.456543        0        1
0.052 0.408677 0.912679        0 0.204339 0.45634       0       1
0.0521 0.409588 0.912271        0 0.204794 0.456135        0        1
0.0522 0.410498 0.911862        0 0.205249 0.455931        0        1
0.0523 0.411407 0.911452        0 0.205704 0.455726        0        1
0.0524 0.412317 0.911041        0 0.206158 0.45552       0       1
0.0525 0.413226 0.910629        0 0.206613 0.455314        0        1
0.0526 0.414134 0.910216        0 0.207067 0.455108        0        1
0.0527 0.415043 0.909802        0 0.207521 0.454901        0        1
0.0528 0.415951 0.909387        0 0.207975 0.454694        0        1
0.0529 0.416858 0.908972        0 0.208429 0.454486        0        1
0.053 0.417765 0.908555        0 0.208883 0.454277        0        1
0.0531 0.418672 0.908138        0 0.209336 0.454069        0        1
0.0532 0.419578 0.907719        0 0.209789 0.45386       0       1
0.0533 0.420484 0.9073      0 0.210242 0.45365       0       1
0.0534 0.42139 0.90688       0 0.210695 0.45344       0       1
0.0535 0.422295 0.906458        0 0.211148 0.453229        0        1
0.0536   0.4232 0.906036        0   0.2116 0.453018        0        1
0.0537 0.424104 0.905613        0 0.212052 0.452807        0        1
0.0538 0.425008 0.905189        0 0.212504 0.452595        0        1
0.0539 0.425912 0.904765        0 0.212956 0.452382        0        1
0.054 0.426815 0.904339        0 0.213408 0.452169        0        1
0.0541 0.427718 0.903912        0 0.213859 0.451956        0        1
0.0542  0.42862 0.903485        0  0.21431 0.451742        0        1
0.0543 0.429522 0.903056        0 0.214761 0.451528        0        1
0.0544 0.430424 0.902627        0 0.215212 0.451313        0        1
0.0545 0.431325 0.902197        0 0.215663 0.451098        0        1
0.0546 0.432226 0.901765        0 0.216113 0.450883        0        1
0.0547 0.433126 0.901333        0 0.216563 0.450667        0        1
0.0548 0.434026 0.9009      0 0.217013 0.45045       0       1
0.0549 0.434926 0.900466        0 0.217463 0.450233        0        1
0.055 0.435825 0.900031        0 0.217913 0.450016        0        1
0.0551 0.436724 0.899596        0 0.218362 0.449798        0        1
0.0552 0.437622 0.899159        0 0.218811 0.449579        0        1
0.0553  0.43852 0.898721        0  0.21926 0.449361        0        1
0.0554 0.439418 0.898283        0 0.219709 0.449141        0        1
0.0555 0.440315 0.897843        0 0.220157 0.448922        0        1
0.0556 0.441211 0.897403        0 0.220606 0.448702        0        1
0.0557 0.442108 0.896962        0 0.221054 0.448481        0        1
0.0558 0.443003 0.89652       0 0.221502 0.44826       0       1
0.0559 0.443899 0.896077        0 0.221949 0.448038        0        1
0.056 0.444794 0.895633        0 0.222397 0.447816        0        1
0.0561 0.445688 0.895188        0 0.222844 0.447594        0        1
0.0562 0.446582 0.894742        0 0.223291 0.447371        0        1
0.0563 0.447476 0.894296        0 0.223738 0.447148        0        1
0.0564 0.448369 0.893848        0 0.224185 0.446924        0        1
0.0565 0.449262 0.8934      0 0.224631 0.4467      0      1
0.0566 0.450155 0.892951        0 0.225077 0.446475        0        1
0.0567 0.451047 0.8925      0 0.225523 0.44625       0       1
0.0568 0.451938 0.892049        0 0.225969 0.446025        0        1
0.0569 0.452829 0.891597        0 0.226415 0.445799        0        1
0.057  0.45372 0.891144        0  0.22686 0.445572        0        1
0.0571  0.45461 0.890691        0 0.227305 0.445345        0        1
0.0572   0.4555 0.890236        0  0.22775 0.445118        0        1
0.0573 0.456389 0.88978       0 0.228195 0.44489       0       1
0.0574 0.457278 0.889324        0 0.228639 0.444662        0        1
0.0575 0.458167 0.888866        0 0.229083 0.444433        0        1
0.0576 0.459055 0.888408        0 0.229527 0.444204        0        1
0.0577 0.459942 0.887949        0 0.229971 0.443974        0        1
0.0578 0.460829 0.887489        0 0.230415 0.443744        0        1
0.0579 0.461716 0.887028        0 0.230858 0.443514        0        1
0.058 0.462602 0.886566        0 0.231301 0.443283        0        1
0.0581 0.463488 0.886103        0 0.231744 0.443052        0        1
0.0582 0.464373 0.88564       0 0.232187 0.44282       0       1
0.0583 0.465258 0.885175        0 0.232629 0.442588        0        1
0.0584 0.466142 0.88471       0 0.233071 0.442355        0        1
0.0585 0.467026 0.884243        0 0.233513 0.442122        0        1
0.0586  0.46791 0.883776        0 0.233955 0.441888        0        1
0.0587 0.468793 0.883308        0 0.234396 0.441654        0        1
0.0588 0.469675 0.882839        0 0.234838 0.44142       0       1
0.0589 0.470558 0.882369        0 0.235279 0.441185        0        1
0.059 0.471439 0.881899        0  0.23572 0.440949        0        1
0.0591  0.47232 0.881427        0  0.23616 0.440713        0        1
0.0592 0.473201 0.880954        0 0.236601 0.440477        0        1
0.0593 0.474081 0.880481        0 0.237041 0.44024       0       1
0.0594 0.474961 0.880007        0 0.237481 0.440003        0        1
0.0595 0.475841 0.879532        0  0.23792 0.439766        0        1
0.0596 0.476719 0.879055        0  0.23836 0.439528        0        1
0.0597 0.477598 0.878579        0 0.238799 0.439289        0        1
0.0598 0.478476 0.878101        0 0.239238 0.43905       0       1
0.0599 0.479353 0.877622        0 0.239677 0.438811        0        1
0.06  0.48023 0.877142        0 0.240115 0.438571        0        1
0.0601 0.481107 0.876662        0 0.240553 0.438331        0        1
0.0602 0.481983 0.876181        0 0.240991 0.43809       0       1
0.0603 0.482858 0.875698        0 0.241429 0.437849        0        1
0.0604 0.483734 0.875215        0 0.241867 0.437608        0        1
0.0605 0.484608 0.874731        0 0.242304 0.437366        0        1
0.0606 0.485482 0.874247        0 0.242741 0.437123        0        1
0.0607 0.486356 0.873761        0 0.243178 0.43688       0       1
0.0608 0.487229 0.873274        0 0.243615 0.436637        0        1
0.0609 0.488102 0.872787        0 0.244051 0.436393        0        1
0.061 0.488974 0.872298        0 0.244487 0.436149        0        1
0.0611 0.489846 0.871809        0 0.244923 0.435905        0        1
0.0612 0.490717 0.871319        0 0.245359 0.435659        0        1
0.0613 0.491588 0.870828        0 0.245794 0.435414        0        1
0.0614 0.492458 0.870336        0 0.246229 0.435168        0        1
0.0615 0.493328 0.869843        0 0.246664 0.434922        0        1
0.0616 0.494197 0.86935       0 0.247099 0.434675        0        1
0.0617 0.495066 0.868855        0 0.247533 0.434428        0        1
0.0618 0.495934 0.86836       0 0.247967 0.43418       0       1
0.0619 0.496802 0.867864        0 0.248401 0.433932        0        1
0.062  0.49767 0.867367        0 0.248835 0.433683        0        1
0.0621 0.498537 0.866869        0 0.249268 0.433434        0        1
0.0622 0.499403 0.86637       0 0.249701 0.433185        0        1
0.0623 0.500269 0.86587       0 0.250134 0.432935        0        1
0.0624 0.501134 0.86537       0 0.250567 0.432685        0        1
0.0625 0.501999 0.864868        0    0.251 0.432434        0        1
0.0626 0.502863 0.864366        0 0.251432 0.432183        0        1
0.0627 0.503727 0.863863        0 0.251864 0.431931        0        1
0.0628 0.504591 0.863359        0 0.252295 0.431679        0        1
0.0629 0.505454 0.862854        0 0.252727 0.431427        0        1
0.063 0.506316 0.862348        0 0.253158 0.431174        0        1
0.0631 0.507178 0.861841        0 0.253589 0.430921        0        1
0.0632 0.508039 0.861334        0  0.25402 0.430667        0        1
0.0633   0.5089 0.860826        0  0.25445 0.430413        0        1
0.0634 0.509761 0.860316        0  0.25488 0.430158        0        1
0.0635  0.51062 0.859806        0  0.25531 0.429903        0        1
0.0636  0.51148 0.859295        0  0.25574 0.429648        0        1
0.0637 0.512339 0.858783        0 0.256169 0.429392        0        1
0.0638 0.513197 0.858271        0 0.256599 0.429135        0        1
0.0639 0.514055 0.857757        0 0.257027 0.428879        0        1
0.064 0.514912 0.857243        0 0.257456 0.428621        0        1
0.0641 0.515769 0.856728        0 0.257885 0.428364        0        1
0.0642 0.516625 0.856212        0 0.258313 0.428106        0        1
0.0643 0.517481 0.855695        0 0.258741 0.427847        0        1
0.0644 0.518336 0.855177        0 0.259168 0.427588        0        1
0.0645 0.519191 0.854658        0 0.259596 0.427329        0        1
0.0646 0.520045 0.854139        0 0.260023 0.427069        0        1
0.0647 0.520899 0.853618        0  0.26045 0.426809        0        1
0.0648 0.521752 0.853097        0 0.260876 0.426548        0        1
0.0649 0.522605 0.852575        0 0.261303 0.426287        0        1
0.065 0.523457 0.852052        0 0.261729 0.426026        0        1
0.0651 0.524309 0.851528        0 0.262154 0.425764        0        1
0.0652  0.52516 0.851003        0  0.26258 0.425502        0        1
0.0653 0.526011 0.850478        0 0.263005 0.425239        0        1
0.0654 0.526861 0.849952        0  0.26343 0.424976        0        1
0.0655  0.52771 0.849424        0 0.263855 0.424712        0        1
0.0656 0.528559 0.848896        0  0.26428 0.424448        0        1
0.0657 0.529408 0.848367        0 0.264704 0.424184        0        1
0.0658 0.530256 0.847838        0 0.265128 0.423919        0        1
0.0659 0.531103 0.847307        0 0.265552 0.423654        0        1
0.066  0.53195 0.846776        0 0.265975 0.423388        0        1
0.0661 0.532797 0.846243        0 0.266398 0.423122        0        1
0.0662 0.533642 0.84571       0 0.266821 0.422855        0        1
0.0663 0.534488 0.845176        0 0.267244 0.422588        0        1
0.0664 0.535333 0.844641        0 0.267666 0.422321        0        1
0.0665 0.536177 0.844106        0 0.268088 0.422053        0        1
0.0666 0.537021 0.843569        0  0.26851 0.421785        0        1
0.0667 0.537864 0.843032        0 0.268932 0.421516        0        1
0.0668 0.538707 0.842493        0 0.269353 0.421247        0        1
0.0669 0.539549 0.841954        0 0.269774 0.420977        0        1
0.067  0.54039 0.841415        0 0.270195 0.420707        0        1
0.0671 0.541231 0.840874        0 0.270616 0.420437        0        1
0.0672 0.542072 0.840332        0 0.271036 0.420166        0        1
0.0673 0.542912 0.83979       0 0.271456 0.419895        0        1
0.0674 0.543751 0.839246        0 0.271876 0.419623        0        1
0.0675  0.54459 0.838702        0 0.272295 0.419351        0        1
0.0676 0.545428 0.838157        0 0.272714 0.419079        0        1
0.0677 0.546266 0.837612        0 0.273133 0.418806        0        1
0.0678 0.547104 0.837065        0 0.273552 0.418532        0        1
0.0679  0.54794 0.836517        0  0.27397 0.418259        0        1
0.068 0.548776 0.835969        0 0.274388 0.417985        0        1
0.0681 0.549612 0.83542       0 0.274806 0.41771       0       1
0.0682 0.550447 0.83487       0 0.275224 0.417435        0        1
0.0683 0.551282 0.834319        0 0.275641 0.41716       0       1
0.0684 0.552116 0.833768        0 0.276058 0.416884        0        1
0.0685 0.552949 0.833215        0 0.276475 0.416608        0        1
0.0686 0.553782 0.832662        0 0.276891 0.416331        0        1
0.0687 0.554614 0.832108        0 0.277307 0.416054        0        1
0.0688 0.555446 0.831553        0 0.277723 0.415776        0        1
0.0689 0.556277 0.830997        0 0.278139 0.415498        0        1
0.069 0.557108 0.83044       0 0.278554 0.41522       0       1
0.0691 0.557938 0.829883        0 0.278969 0.414941        0        1
0.0692 0.558768 0.829324        0 0.279384 0.414662        0        1
0.0693 0.559597 0.828765        0 0.279798 0.414383        0        1
0.0694 0.560425 0.828205        0 0.280212 0.414103        0        1
0.0695 0.561253 0.827644        0 0.280626 0.413822        0        1
0.0696  0.56208 0.827083        0  0.28104 0.413541        0        1
0.0697 0.562907 0.82652       0 0.281453 0.41326       0       1
0.0698 0.563733 0.825957        0 0.281867 0.412979        0        1
0.0699 0.564559 0.825393        0 0.282279 0.412696        0        1
0.07 0.565384 0.824828        0 0.282692 0.412414        0        1
0.0701 0.566208 0.824262        0 0.283104 0.412131        0        1
0.0702 0.567032 0.823696        0 0.283516 0.411848        0        1
0.0703 0.567856 0.823128        0 0.283928 0.411564        0        1
0.0704 0.568678 0.82256       0 0.284339 0.41128       0       1
0.0705 0.569501 0.821991        0  0.28475 0.410995        0        1
0.0706 0.570322 0.821421        0 0.285161 0.410711        0        1
0.0707 0.571143 0.82085       0 0.285572 0.410425        0        1
0.0708 0.571964 0.820279        0 0.285982 0.410139        0        1
0.0709 0.572784 0.819706        0 0.286392 0.409853        0        1
0.071 0.573603 0.819133        0 0.286802 0.409567        0        1
0.0711 0.574422 0.818559        0 0.287211 0.40928       0       1
0.0712  0.57524 0.817985        0  0.28762 0.408992        0        1
0.0713 0.576058 0.817409        0 0.288029 0.408704        0        1
0.0714 0.576875 0.816832        0 0.288437 0.408416        0        1
0.0715 0.577691 0.816255        0 0.288846 0.408128        0        1
0.0716 0.578507 0.815677        0 0.289254 0.407839        0        1
0.0717 0.579323 0.815098        0 0.289661 0.407549        0        1
0.0718 0.580138 0.814519        0 0.290069 0.407259        0        1
0.0719 0.580952 0.813938        0 0.290476 0.406969        0        1
0.072 0.581765 0.813357        0 0.290883 0.406678        0        1
0.0721 0.582578 0.812775        0 0.291289 0.406387        0        1
0.0722 0.583391 0.812192        0 0.291695 0.406096        0        1
0.0723 0.584203 0.811608        0 0.292101 0.405804        0        1
0.0724 0.585014 0.811023        0 0.292507 0.405512        0        1
0.0725 0.585825 0.810438        0 0.292912 0.405219        0        1
0.0726 0.586635 0.809852        0 0.293317 0.404926        0        1
0.0727 0.587444 0.809265        0 0.293722 0.404632        0        1
0.0728 0.588253 0.808677        0 0.294127 0.404338        0        1
0.0729 0.589062 0.808088        0 0.294531 0.404044        0        1
0.073 0.589869 0.807499        0 0.294935 0.403749        0        1
0.0731 0.590677 0.806908        0 0.295338 0.403454        0        1
0.0732 0.591483 0.806317        0 0.295742 0.403159        0        1
0.0733 0.592289 0.805725        0 0.296145 0.402863        0        1
0.0734 0.593095 0.805133        0 0.296547 0.402566        0        1
0.0735 0.593899 0.804539        0 0.29695 0.40227       0       1
0.0736 0.594704 0.803945        0 0.297352 0.401973        0        1
0.0737 0.595507 0.80335       0 0.297754 0.401675        0        1
0.0738  0.59631 0.802754        0 0.298155 0.401377        0        1
0.0739 0.597113 0.802157        0 0.298556 0.401079        0        1
0.074 0.597915 0.80156       0 0.298957 0.40078       0       1
0.0741 0.598716 0.800962        0 0.299358 0.400481        0        1
0.0742 0.599516 0.800362        0 0.299758 0.400181        0        1
0.0743 0.600316 0.799763        0 0.300158 0.399881        0        1
0.0744 0.601116 0.799162        0 0.300558 0.399581        0        1
0.0745 0.601915 0.79856       0 0.300957 0.39928       0       1
0.0746 0.602713 0.797958        0 0.301356 0.398979        0        1
0.0747 0.603511 0.797355        0 0.301755 0.398677        0        1
0.0748 0.604308 0.796751        0 0.302154 0.398376        0        1
0.0749 0.605104 0.796146        0 0.302552 0.398073        0        1
0.075   0.6059 0.795541        0 0.30295 0.39777       0       1
0.0751 0.606695 0.794935        0 0.303348 0.397467        0        1
0.0752  0.60749 0.794328        0 0.303745 0.397164        0        1
0.0753 0.608284 0.79372       0 0.304142 0.39686       0       1
0.0754 0.609077 0.793111        0 0.304539 0.396555        0        1
0.0755  0.60987 0.792502        0 0.304935 0.396251        0        1
0.0756 0.610662 0.791891        0 0.305331 0.395946        0        1
0.0757 0.611454 0.79128       0 0.305727 0.39564       0       1
0.0758 0.612245 0.790668        0 0.306122 0.395334        0        1
0.0759 0.613035 0.790056        0 0.306518 0.395028        0        1
0.076 0.613825 0.789442        0 0.306912 0.394721        0        1
0.0761 0.614614 0.788828        0 0.307307 0.394414        0        1
0.0762 0.615402 0.788213        0 0.307701 0.394107        0        1
0.0763  0.61619 0.787597        0 0.308095 0.393799        0        1
0.0764 0.616978 0.786981        0 0.308489 0.39349       0       1
0.0765 0.617764 0.786363        0 0.308882 0.393182        0        1
0.0766  0.61855 0.785745        0 0.309275 0.392873        0        1
0.0767 0.619336 0.785126        0 0.309668 0.392563        0        1
0.0768  0.62012 0.784507        0  0.31006 0.392253        0        1
0.0769 0.620905 0.783886        0 0.310452 0.391943        0        1
0.077 0.621688 0.783265        0 0.310844 0.391632        0        1
0.0771 0.622471 0.782643        0 0.311236 0.391321        0        1
0.0772 0.623253 0.78202       0 0.311627 0.39101       0       1
0.0773 0.624035 0.781396        0 0.312018 0.390698        0        1
0.0774 0.624816 0.780772        0 0.312408 0.390386        0        1
0.0775 0.625597 0.780147        0 0.312798 0.390073        0        1
0.0776 0.626377 0.779521        0 0.313188 0.38976       0       1
0.0777 0.627156 0.778894        0 0.313578 0.389447        0        1
0.0778 0.627934 0.778266        0 0.313967 0.389133        0        1
0.0779 0.628712 0.777638        0 0.314356 0.388819        0        1
0.078  0.62949 0.777009        0 0.314745 0.388504        0        1
0.0781 0.630266 0.776379        0 0.315133 0.38819       0       1
0.0782 0.631042 0.775748        0 0.315521 0.387874        0        1
0.0783 0.631818 0.775117        0 0.315909 0.387558        0        1
0.0784 0.632593 0.774485        0 0.316296 0.387242        0        1
0.0785 0.633367 0.773852        0 0.316683 0.386926        0        1
0.0786  0.63414 0.773218        0  0.31707 0.386609        0        1
0.0787 0.634913 0.772584        0 0.317457 0.386292        0        1
0.0788 0.635685 0.771948        0 0.317843 0.385974        0        1
0.0789 0.636457 0.771312        0 0.318228 0.385656        0        1
0.079 0.637228 0.770675        0 0.318614 0.385338        0        1
0.0791 0.637998 0.770038        0 0.318999 0.385019        0        1
0.0792 0.638768 0.769399        0 0.319384 0.3847      0      1
0.0793 0.639537 0.76876       0 0.319769 0.38438       0       1
0.0794 0.640306 0.76812       0 0.320153 0.38406       0       1
0.0795 0.641073 0.76748       0 0.320537 0.38374       0       1
0.0796  0.64184 0.766838        0  0.32092 0.383419        0        1
0.0797 0.642607 0.766196        0 0.321303 0.383098        0        1
0.0798 0.643373 0.765553        0 0.321686 0.382776        0        1
0.0799 0.644138 0.764909        0 0.322069 0.382455        0        1
0.08 0.644903 0.764265        0 0.322451 0.382132        0        1
0.0801 0.645667 0.763619        0 0.322833 0.38181       0       1
0.0802  0.64643 0.762973        0 0.323215 0.381487        0        1
0.0803 0.647193 0.762327        0 0.323596 0.381163        0        1
0.0804 0.647955 0.761679        0 0.323977 0.38084       0       1
0.0805 0.648716 0.761031        0 0.324358 0.380515        0        1
0.0806 0.649477 0.760382        0 0.324738 0.380191        0        1
0.0807 0.650237 0.759732        0 0.325118 0.379866        0        1
0.0808 0.650996 0.759081        0 0.325498 0.379541        0        1
0.0809 0.651755 0.75843       0 0.325877 0.379215        0        1
0.081 0.652513 0.757778        0 0.326256 0.378889        0        1
0.0811  0.65327 0.757125        0 0.326635 0.378562        0        1
0.0812 0.654027 0.756471        0 0.327014 0.378236        0        1
0.0813 0.654783 0.755817        0 0.327392 0.377908        0        1
0.0814 0.655539 0.755162        0 0.327769 0.377581        0        1
0.0815 0.656294 0.754506        0 0.328147 0.377253        0        1
0.0816 0.657048 0.753849        0 0.328524 0.376924        0        1
0.0817 0.657801 0.753192        0 0.328901 0.376596        0        1
0.0818 0.658554 0.752533        0 0.329277 0.376267        0        1
0.0819 0.659306 0.751874        0 0.329653 0.375937        0        1
0.082 0.660058 0.751215        0 0.330029 0.375607        0        1
0.0821 0.660809 0.750554        0 0.330404 0.375277        0        1
0.0822 0.661559 0.749893        0 0.330779 0.374947        0        1
0.0823 0.662309 0.749231        0 0.331154 0.374616        0        1
0.0824 0.663057 0.748569        0 0.331529 0.374284        0        1
0.0825 0.663806 0.747905        0 0.331903 0.373953        0        1
0.0826 0.664553 0.747241        0 0.332277 0.37362       0       1
0.0827   0.6653 0.746576        0  0.33265 0.373288        0        1
0.0828 0.666046 0.74591       0 0.333023 0.372955        0        1
0.0829 0.666792 0.745244        0 0.333396 0.372622        0        1
0.083 0.667537 0.744577        0 0.333768 0.372288        0        1
0.0831 0.668281 0.743909        0 0.334141 0.371954        0        1
0.0832 0.669025 0.74324       0 0.334512 0.37162       0       1
0.0833 0.669768 0.742571        0 0.334884 0.371285        0        1
0.0834  0.67051 0.741901        0 0.335255 0.37095       0       1
0.0835 0.671251 0.74123       0 0.335626 0.370615        0        1
0.0836 0.671992 0.740558        0 0.335996 0.370279        0        1
0.0837 0.672732 0.739886        0 0.336366 0.369943        0        1
0.0838 0.673472 0.739213        0 0.336736 0.369606        0        1
0.0839 0.674211 0.738539        0 0.337105 0.369269        0        1
0.084 0.674949 0.737864        0 0.337475 0.368932        0        1
0.0841 0.675687 0.737189        0 0.337843 0.368594        0        1
0.0842 0.676423 0.736513        0 0.338212 0.368256        0        1
0.0843  0.67716 0.735836        0  0.33858 0.367918        0        1
0.0844 0.677895 0.735159        0 0.338948 0.367579        0        1
0.0845 0.67863 0.73448       0 0.339315 0.36724       0       1
0.0846 0.679364 0.733801        0 0.339682 0.366901        0        1
0.0847 0.680098 0.733122        0 0.340049 0.366561        0        1
0.0848  0.68083 0.732441        0 0.340415 0.366221        0        1
0.0849 0.681562 0.73176       0 0.340781 0.36588       0       1
0.085 0.682294 0.731078        0 0.341147 0.365539        0        1
0.0851 0.683025 0.730395        0 0.341512 0.365198        0        1
0.0852 0.683755 0.729712        0 0.341877 0.364856        0        1
0.0853 0.684484 0.729028        0 0.342242 0.364514        0        1
0.0854 0.685213 0.728343        0 0.342606 0.364172        0        1
0.0855 0.685941 0.727657        0  0.34297 0.363829        0        1
0.0856 0.686668 0.726971        0 0.343334 0.363486        0        1
0.0857 0.687395 0.726284        0 0.343697 0.363142        0        1
0.0858 0.688121 0.725596        0  0.34406 0.362798        0        1
0.0859 0.688846 0.724908        0 0.344423 0.362454        0        1
0.086  0.68957 0.724219        0 0.344785 0.362109        0        1
0.0861 0.690294 0.723529        0 0.345147 0.361764        0        1
0.0862 0.691017 0.722838        0 0.345509 0.361419        0        1
0.0863  0.69174 0.722147        0  0.34587 0.361073        0        1
0.0864 0.692462 0.721455        0 0.346231 0.360727        0        1
0.0865 0.693183 0.720762        0 0.346591 0.360381        0        1
0.0866 0.693903 0.720068        0 0.346952 0.360034        0        1
0.0867 0.694623 0.719374        0 0.347311 0.359687        0        1
0.0868 0.695342 0.718679        0 0.347671 0.35934       0       1
0.0869  0.69606 0.717983        0  0.34803 0.358992        0        1
0.087 0.696778 0.717287        0 0.348389 0.358643        0        1
0.0871 0.697495 0.71659       0 0.348747 0.358295        0        1
0.0872 0.698211 0.715892        0 0.349106 0.357946        0        1
0.0873 0.698927 0.715193        0 0.349463 0.357597        0        1
0.0874 0.699641 0.714494        0 0.349821 0.357247        0        1
0.0875 0.700356 0.713794        0 0.350178 0.356897        0        1
0.0876 0.701069 0.713093        0 0.350535 0.356547        0        1
0.0877 0.701782 0.712392        0 0.350891 0.356196        0        1
0.0878 0.702494 0.71169       0 0.351247 0.355845        0        1
0.0879 0.703205 0.710987        0 0.351603 0.355493        0        1
0.088 0.703916 0.710283        0 0.351958 0.355142        0        1
0.0881 0.704626 0.709579        0 0.352313 0.35479       0       1
0.0882 0.705335 0.708874        0 0.352667 0.354437        0        1
0.0883 0.706044 0.708168        0 0.353022 0.354084        0        1
0.0884 0.706751 0.707462        0 0.353376 0.353731        0        1
0.0885 0.707458 0.706755        0 0.353729 0.353377        0        1
0.0886 0.708165 0.706047        0 0.354082 0.353024        0        1
0.0887 0.708871 0.705339        0 0.354435 0.352669        0        1
0.0888 0.709576 0.704629        0 0.354788 0.352315        0        1
0.0889  0.71028 0.703919        0 0.35514 0.35196       0       1
0.089 0.710983 0.703209        0 0.355492 0.351604        0        1
0.0891 0.711686 0.702498        0 0.355843 0.351249        0        1
0.0892 0.712388 0.701785        0 0.356194 0.350893        0        1
0.0893  0.71309 0.701073        0 0.356545 0.350536        0        1
0.0894  0.71379 0.700359        0 0.356895 0.35018       0       1
0.0895  0.71449 0.699645        0 0.357245 0.349823        0        1
0.0896 0.71519 0.69893       0 0.357595 0.349465        0        1
0.0897 0.715888 0.698215        0 0.357944 0.349107        0        1
0.0898 0.716586 0.697499        0 0.358293 0.348749        0        1
0.0899 0.717283 0.696782        0 0.358642 0.348391        0        1
0.09  0.71798 0.696064        0  0.35899 0.348032        0        1
0.0901 0.718675 0.695346        0 0.359338 0.347673        0        1
0.0902  0.71937 0.694627        0 0.359685 0.347313        0        1
0.0903 0.720065 0.693907        0 0.360032 0.346953        0        1
0.0904 0.720758 0.693187        0 0.360379 0.346593        0        1
0.0905 0.721451 0.692465        0 0.360726 0.346233        0        1
0.0906 0.722143 0.691744        0 0.361072 0.345872        0        1
0.0907 0.722835 0.691021        0 0.361417 0.345511        0        1
0.0908 0.723525 0.690298        0 0.361763 0.345149        0        1
0.0909 0.724215 0.689574        0 0.362108 0.344787        0        1
0.091 0.724904 0.68885       0 0.362452 0.344425        0        1
0.0911 0.725593 0.688124        0 0.362796 0.344062        0        1
0.0912 0.726281 0.687398        0  0.36314 0.343699        0        1
0.0913 0.726968 0.686672        0 0.363484 0.343336        0        1
0.0914 0.727654 0.685944        0 0.363827 0.342972        0        1
0.0915  0.72834 0.685216        0  0.36417 0.342608        0        1
0.0916 0.729024 0.684488        0 0.364512 0.342244        0        1
0.0917 0.729709 0.683758        0 0.364854 0.341879        0        1
0.0918 0.730392 0.683028        0 0.365196 0.341514        0        1
0.0919 0.731075 0.682298        0 0.365537 0.341149        0        1
0.092 0.731757 0.681566        0 0.365878 0.340783        0        1
0.0921 0.732438 0.680834        0 0.366219 0.340417        0        1
0.0922 0.733118 0.680101        0 0.366559 0.340051        0        1
0.0923 0.733798 0.679368        0 0.366899 0.339684        0        1
0.0924 0.734477 0.678634        0 0.367238 0.339317        0        1
0.0925 0.735155 0.677899        0 0.367578 0.338949        0        1
0.0926 0.735833 0.677163        0 0.367916 0.338582        0        1
0.0927  0.73651 0.676427        0 0.368255 0.338214        0        1
0.0928 0.737186 0.67569       0 0.368593 0.337845        0        1
0.0929 0.737861 0.674953        0  0.36893 0.337476        0        1
0.093 0.738535 0.674215        0 0.369268 0.337107        0        1
0.0931 0.739209 0.673476        0 0.369605 0.336738        0        1
0.0932 0.739882 0.672736        0 0.369941 0.336368        0        1
0.0933 0.740555 0.671996        0 0.370277 0.335998        0        1
0.0934 0.741226 0.671255        0 0.370613 0.335628        0        1
0.0935 0.741897 0.670514        0 0.370949 0.335257        0        1
0.0936 0.742567 0.669771        0 0.371284 0.334886        0        1
0.0937 0.743237 0.669028        0 0.371618 0.334514        0        1
0.0938 0.743905 0.668285        0 0.371953 0.334142        0        1
0.0939 0.744573 0.667541        0 0.372287 0.33377       0       1
0.094 0.745241 0.666796        0  0.37262 0.333398        0        1
0.0941 0.745907 0.66605       0 0.372953 0.333025        0        1
0.0942 0.746573 0.665304        0 0.373286 0.332652        0        1
0.0943 0.747238 0.664557        0 0.373619 0.332278        0        1
0.0944 0.747902 0.663809        0 0.373951 0.331905        0        1
0.0945 0.748565 0.663061        0 0.374283 0.331531        0        1
0.0946 0.749228 0.662312        0 0.374614 0.331156        0        1
0.0947  0.74989 0.661563        0 0.374945 0.330781        0        1
0.0948 0.750551 0.660812        0 0.375276 0.330406        0        1
0.0949 0.751211 0.660062        0 0.375606 0.330031        0        1
0.095 0.751871 0.65931       0 0.375936 0.329655        0        1
0.0951  0.75253 0.658558        0 0.376265 0.329279        0        1
0.0952 0.753188 0.657805        0 0.376594 0.328903        0        1
0.0953 0.753846 0.657051        0 0.376923 0.328526        0        1
0.0954 0.754502 0.656297        0 0.377251 0.328149        0        1
0.0955 0.755158 0.655542        0 0.377579 0.327771        0        1
0.0956 0.755813 0.654787        0 0.377907 0.327394        0        1
0.0957 0.756468 0.654031        0 0.378234 0.327015        0        1
0.0958 0.757122 0.653274        0 0.378561 0.326637        0        1
0.0959 0.757774 0.652517        0 0.378887 0.326258        0        1
0.096 0.758427 0.651759        0 0.379213 0.325879        0        1
0.0961 0.759078 0.651     0 0.379539 0.3255      0      1
0.0962 0.759729 0.65024       0 0.379864 0.32512       0       1
0.0963 0.760378 0.64948       0 0.380189 0.32474       0       1
0.0964 0.761028 0.64872       0 0.380514 0.32436       0       1
0.0965 0.761676 0.647958        0 0.380838 0.323979        0        1
0.0966 0.762323 0.647196        0 0.381162 0.323598        0        1
0.0967  0.76297 0.646434        0 0.381485 0.323217        0        1
0.0968 0.763616 0.64567       0 0.381808 0.322835        0        1
0.0969 0.764262 0.644906        0 0.382131 0.322453        0        1
0.097 0.764906 0.644142        0 0.382453 0.322071        0        1
0.0971  0.76555 0.643377        0 0.382775 0.321688        0        1
0.0972 0.766193 0.642611        0 0.383096 0.321305        0        1
0.0973 0.766835 0.641844        0 0.383418 0.320922        0        1
0.0974 0.767477 0.641077        0 0.383738 0.320539        0        1
0.0975 0.768117 0.640309        0 0.384059 0.320155        0        1
0.0976 0.768757 0.639541        0 0.384379 0.31977       0       1
0.0977 0.769396 0.638772        0 0.384698 0.319386        0        1
0.0978 0.770035 0.638002        0 0.385017 0.319001        0        1
0.0979 0.770672 0.637232        0 0.385336 0.318616        0        1
0.098 0.771309 0.636461        0 0.385655 0.31823       0       1
0.0981 0.771945 0.635689        0 0.385973 0.317845        0        1
0.0982 0.772581 0.634917        0  0.38629 0.317458        0        1
0.0983 0.773215 0.634144        0 0.386608 0.317072        0        1
0.0984 0.773849 0.63337       0 0.386924 0.316685        0        1
0.0985 0.774482 0.632596        0 0.387241 0.316298        0        1
0.0986 0.775114 0.631821        0 0.387557 0.315911        0        1
0.0987 0.775745 0.631046        0 0.387873 0.315523        0        1
0.0988 0.776376 0.63027       0 0.388188 0.315135        0        1
0.0989 0.777006 0.629493        0 0.388503 0.314747        0        1
0.099 0.777635 0.628716        0 0.388818 0.314358        0        1
0.0991 0.778263 0.627938        0 0.389132 0.313969        0        1
0.0992 0.778891 0.627159        0 0.389445 0.31358       0       1
0.0993 0.779518 0.62638       0 0.389759 0.31319       0       1
0.0994 0.780144 0.6256      0 0.390072 0.3128      0      1
0.0995 0.780769 0.62482       0 0.390384 0.31241       0       1
0.0996 0.781393 0.624039        0 0.390697 0.312019        0        1
0.0997 0.782017 0.623257        0 0.391009 0.311629        0        1
0.0998  0.78264 0.622475        0  0.39132 0.311237        0        1
0.0999 0.783262 0.621692        0 0.391631 0.310846        0        1
