0 1 0 0 1 2
1e-06           1 3.92699e-06           0           1           2
2e-06           1 7.85398e-06           0           1           2
3e-06          1 1.1781e-05          0          1          2
4e-06          1 1.5708e-05          0          1          2
5e-06          1 1.9635e-05          0          1          2
6e-06           1 2.35619e-05           0           1           2
7e-06           1 2.74889e-05           0           1           2
8e-06           1 3.14159e-05           0           1           2
9e-06           1 3.53429e-05           0           1           2
1e-05           1 3.92699e-05           0           1           2
1.1e-05           1 4.31969e-05           0           1           2
1.2e-05           1 4.71239e-05           0           1           2
1.3e-05           1 5.10509e-05           0           1           2
1.4e-05           1 5.49779e-05           0           1           2
1.5e-05           1 5.89049e-05           0           1           2
1.6e-05           1 6.28319e-05           0           1           2
1.7e-05           1 6.67588e-05           0           1           2
1.8e-05           1 7.06858e-05           0           1           2
1.9e-05           1 7.46128e-05           0           1           2
2e-05           1 7.85398e-05           0           1           2
2.1e-05           1 8.24668e-05           0           1           2
2.2e-05           1 8.63938e-05           0           1           2
2.3e-05           1 9.03208e-05           0           1           2
2.4e-05           1 9.42478e-05           0           1           2
2.5e-05           1 9.81748e-05           0           1           2
2.6e-05           1 0.000102102           0           1           2
2.7e-05           1 0.000106029           0           1           2
2.8e-05           1 0.000109956           0           1           2
2.9e-05           1 0.000113883           0           1           2
3e-05          1 0.00011781          0          1          2
3.1e-05           1 0.000121737           0           1           2
3.2e-05           1 0.000125664           0           1           2
3.3e-05           1 0.000129591           0           1           2
3.4e-05           1 0.000133518           0           1           2
3.5e-05           1 0.000137445           0           1           2
3.6e-05           1 0.000141372           0           1           2
3.7e-05           1 0.000145299           0           1           2
3.8e-05           1 0.000149226           0           1           2
3.9e-05           1 0.000153153           0           1           2
4e-05          1 0.00015708          0          1          2
4.1e-05           1 0.000161007           0           1           2
4.2e-05           1 0.000164934           0           1           2
4.3e-05           1 0.000168861           0           1           2
4.4e-05           1 0.000172788           0           1           2
4.5e-05           1 0.000176715           0           1           2
4.6e-05           1 0.000180642           0           1           2
4.7e-05           1 0.000184569           0           1           2
4.8e-05           1 0.000188496           0           1           2
4.9e-05           1 0.000192423           0           1           2
5e-05          1 0.00019635          0          1          2
5.1e-05           1 0.000200277           0           1           2
5.2e-05           1 0.000204204           0           1           2
5.3e-05          1 0.00020813          0          1          2
5.4e-05           1 0.000212057           0           1           2
5.5e-05           1 0.000215984           0           1           2
5.6e-05           1 0.000219911           0           1           2
5.7e-05           1 0.000223838           0           1           2
5.8e-05           1 0.000227765           0           1           2
5.9e-05           1 0.000231692           0           1           2
6e-05           1 0.000235619           0           1           2
6.1e-05           1 0.000239546           0           1           2
6.2e-05           1 0.000243473           0           1           2
6.3e-05         1 0.0002474         0         1         2
6.4e-05           1 0.000251327           0           1           2
6.5e-05           1 0.000255254           0           1           2
6.6e-05           1 0.000259181           0           1           2
6.7e-05           1 0.000263108           0           1           2
6.8e-05           1 0.000267035           0           1           2
6.9e-05           1 0.000270962           0           1           2
7e-05           1 0.000274889           0           1           2
7.1e-05           1 0.000278816           0           1           2
7.2e-05           1 0.000282743           0           1           2
7.3e-05          1 0.00028667          0          1          2
7.4e-05           1 0.000290597           0           1           2
7.5e-05           1 0.000294524           0           1           2
7.6e-05           1 0.000298451           0           1           2
7.7e-05           1 0.000302378           0           1           2
7.8e-05           1 0.000306305           0           1           2
7.9e-05           1 0.000310232           0           1           2
8e-05           1 0.000314159           0           1           2
8.1e-05           1 0.000318086           0           1           2
8.2e-05           1 0.000322013           0           1           2
8.3e-05          1 0.00032594          0          1          2
8.4e-05           1 0.000329867           0           1           2
8.5e-05           1 0.000333794           0           1           2
8.6e-05           1 0.000337721           0           1           2
8.7e-05           1 0.000341648           0           1           2
8.8e-05           1 0.000345575           0           1           2
8.9e-05           1 0.000349502           0           1           2
9e-05           1 0.000353429           0           1           2
9.1e-05           1 0.000357356           0           1           2
9.2e-05           1 0.000361283           0           1           2
9.3e-05          1 0.00036521          0          1          2
9.4e-05           1 0.000369137           0           1           2
9.5e-05           1 0.000373064           0           1           2
9.6e-05           1 0.000376991           0           1           2
9.7e-05           1 0.000380918           0           1           2
9.8e-05           1 0.000384845           0           1           2
9.9e-05           1 0.000388772           0           1           2
0.0001           1 0.000392699           0           1           2
0.000101           1 0.000396626           0           1           2
0.000102           1 0.000400553           0           1           2
0.000103          1 0.00040448          0          1          2
0.000104           1 0.000408407           0           1           2
0.000105           1 0.000412334           0           1           2
0.000106           1 0.000416261           0           1           2
0.000107           1 0.000420188           0           1           2
0.000108           1 0.000424115           0           1           2
0.000109           1 0.000428042           0           1           2
0.00011           1 0.000431969           0           1           2
0.000111           1 0.000435896           0           1           2
0.000112           1 0.000439823           0           1           2
0.000113          1 0.00044375          0          1          2
0.000114           1 0.000447677           0           1           2
0.000115           1 0.000451604           0           1           2
0.000116           1 0.000455531           0           1           2
0.000117           1 0.000459458           0           1           2
0.000118           1 0.000463385           0           1           2
0.000119           1 0.000467312           0           1           2
0.00012           1 0.000471239           0           1           2
0.000121           1 0.000475166           0           1           2
0.000122           1 0.000479093           0           1           2
0.000123          1 0.00048302          0          1          2
0.000124           1 0.000486947           0           1           2
0.000125           1 0.000490874           0           1           2
0.000126           1 0.000494801           0           1           2
0.000127           1 0.000498728           0           1           2
0.000128    0.999999 0.000502655           0           1           2
0.000129    0.999999 0.000506582           0           1           2
0.00013    0.999999 0.000510509           0           1           2
0.000131    0.999999 0.000514436           0           1           2
0.000132    0.999999 0.000518363           0           1           2
0.000133   0.999999 0.00052229          0          1          2
0.000134    0.999999 0.000526217           0           1           2
0.000135    0.999999 0.000530143           0           1           2
0.000136   0.999999 0.00053407          0          1          2
0.000137    0.999999 0.000537997           0           1           2
0.000138    0.999999 0.000541924           0           1           2
0.000139    0.999999 0.000545851           0           1           2
0.00014    0.999999 0.000549778           0           1           2
0.000141    0.999999 0.000553705           0           1           2
0.000142    0.999999 0.000557632           0           1           2
0.000143    0.999999 0.000561559           0           1           2
0.000144    0.999999 0.000565486           0           1           2
0.000145    0.999999 0.000569413           0           1           2
0.000146   0.999999 0.00057334          0          1          2
0.000147    0.999999 0.000577267           0           1           2
0.000148    0.999999 0.000581194           0           1           2
0.000149    0.999999 0.000585121           0           1           2
0.00015    0.999999 0.000589048           0           1           2
0.000151    0.999999 0.000592975           0           1           2
0.000152    0.999999 0.000596902           0           1           2
0.000153    0.999999 0.000600829           0           1           2
0.000154    0.999999 0.000604756           0           1           2
0.000155    0.999999 0.000608683           0           1           2
0.000156   0.999999 0.00061261          0          1          2
0.000157    0.999999 0.000616537           0           1           2
0.000158    0.999999 0.000620464           0           1           2
0.000159    0.999999 0.000624391           0           1           2
0.00016    0.999999 0.000628318           0           1           2
0.000161    0.999999 0.000632245           0           1           2
0.000162    0.999999 0.000636172           0           1           2
0.000163    0.999999 0.000640099           0           1           2
0.000164    0.999999 0.000644026           0           1           2
0.000165    0.999999 0.000647953           0           1           2
0.000166   0.999999 0.00065188          0          1          2
0.000167    0.999999 0.000655807           0           1           2
0.000168    0.999999 0.000659734           0           1           2
0.000169    0.999999 0.000663661           0           1           2
0.00017    0.999999 0.000667588           0           1           2
0.000171    0.999999 0.000671515           0           1           2
0.000172    0.999999 0.000675442           0           1           2
0.000173    0.999999 0.000679369           0           1           2
0.000174    0.999999 0.000683296           0           1           2
0.000175    0.999999 0.000687223           0           1           2
0.000176   0.999999 0.00069115          0          1          2
0.000177    0.999999 0.000695077           0           1           2
0.000178    0.999999 0.000699004           0           1           2
0.000179    0.999999 0.000702931           0           1           2
0.00018    0.999999 0.000706858           0           1           2
0.000181    0.999999 0.000710785           0           1           2
0.000182    0.999999 0.000714712           0           1           2
0.000183    0.999999 0.000718639           0           1           2
0.000184    0.999999 0.000722566           0           1           2
0.000185    0.999999 0.000726493           0           1           2
0.000186   0.999999 0.00073042          0          1          2
0.000187    0.999999 0.000734347           0           1           2
0.000188    0.999999 0.000738274           0           1           2
0.000189    0.999999 0.000742201           0           1           2
0.00019    0.999999 0.000746128           0           1           2
0.000191    0.999999 0.000750055           0           1           2
0.000192    0.999999 0.000753981           0           1           2
0.000193    0.999999 0.000757908           0           1           2
0.000194    0.999999 0.000761835           0           1           2
0.000195    0.999999 0.000765762           0           1           2
0.000196    0.999999 0.000769689           0           1           2
0.000197    0.999999 0.000773616           0           1           2
0.000198    0.999999 0.000777543           0           1           2
0.000199   0.999999 0.00078147          0          1          2
0.0002    0.999999 0.000785397           0           1           2
0.000201    0.999999 0.000789324           0           1           2
0.000202    0.999999 0.000793251           0           1           2
0.000203    0.999999 0.000797178           0           1           2
0.000204    0.999999 0.000801105           0           1           2
0.000205    0.999999 0.000805032           0           1           2
0.000206    0.999999 0.000808959           0           1           2
0.000207    0.999999 0.000812886           0           1           2
0.000208    0.999999 0.000816813           0           1           2
0.000209   0.999999 0.00082074          0          1          2
0.00021    0.999999 0.000824667           0           1           2
0.000211    0.999999 0.000828594           0           1           2
0.000212    0.999999 0.000832521           0           1           2
0.000213    0.999999 0.000836448           0           1           2
0.000214    0.999999 0.000840375           0           1           2
0.000215    0.999999 0.000844302           0           1           2
0.000216    0.999999 0.000848229           0           1           2
0.000217    0.999999 0.000852156           0           1           2
0.000218    0.999999 0.000856083           0           1           2
0.000219   0.999999 0.00086001          0          1          2
0.00022    0.999999 0.000863937           0           1           2
0.000221    0.999998 0.000867864           0           1           2
0.000222    0.999998 0.000871791           0           1           2
0.000223    0.999998 0.000875718           0           1           2
0.000224    0.999998 0.000879645           0           1           2
0.000225    0.999998 0.000883572           0           1           2
0.000226    0.999998 0.000887499           0           1           2
0.000227    0.999998 0.000891426           0           1           2
0.000228    0.999998 0.000895353           0           1           2
0.000229   0.999998 0.00089928          0          1          2
0.00023    0.999998 0.000903207           0           1           2
0.000231    0.999998 0.000907134           0           1           2
0.000232    0.999998 0.000911061           0           1           2
0.000233    0.999998 0.000914988           0           1           2
0.000234    0.999998 0.000918914           0           1           2
0.000235    0.999998 0.000922841           0           1           2
0.000236    0.999998 0.000926768           0           1           2
0.000237    0.999998 0.000930695           0           1           2
0.000238    0.999998 0.000934622           0           1           2
0.000239    0.999998 0.000938549           0           1           2
0.00024    0.999998 0.000942476           0           1           2
0.000241    0.999998 0.000946403           0           1           2
0.000242   0.999998 0.00095033          0          1          2
0.000243    0.999998 0.000954257           0           1           2
0.000244    0.999998 0.000958184           0           1           2
0.000245    0.999998 0.000962111           0           1           2
0.000246    0.999998 0.000966038           0           1           2
0.000247    0.999998 0.000969965           0           1           2
0.000248    0.999998 0.000973892           0           1           2
0.000249    0.999998 0.000977819           0           1           2
0.00025    0.999998 0.000981746           0           1           2
0.000251    0.999998 0.000985673           0           1           2
0.000252  0.999998 0.0009896         0         1         2
0.000253    0.999998 0.000993527           0           1           2
0.000254    0.999998 0.000997454           0           1           2
0.000255   0.999998 0.00100138          0          1          2
0.000256   0.999998 0.00100531          0          1          2
0.000257   0.999998 0.00100923          0          1          2
0.000258   0.999998 0.00101316          0          1          2
0.000259   0.999998 0.00101709          0          1          2
0.00026   0.999998 0.00102102          0          1          2
0.000261   0.999998 0.00102494          0          1          2
0.000262   0.999998 0.00102887          0          1          2
0.000263  0.999998 0.0010328         0         1         2
0.000264   0.999998 0.00103672          0          1          2
0.000265   0.999998 0.00104065          0          1          2
0.000266   0.999998 0.00104458          0          1          2
0.000267  0.999998 0.0010485         0         1         2
0.000268   0.999998 0.00105243          0          1          2
0.000269   0.999998 0.00105636          0          1          2
0.00027   0.999998 0.00106029          0          1          2
0.000271   0.999998 0.00106421          0          1          2
0.000272   0.999998 0.00106814          0          1          2
0.000273   0.999998 0.00107207          0          1          2
0.000274   0.999998 0.00107599          0          1          2
0.000275   0.999998 0.00107992          0          1          2
0.000276   0.999998 0.00108385          0          1          2
0.000277   0.999998 0.00108777          0          1          2
0.000278  0.999998 0.0010917         0         1         2
0.000279   0.999998 0.00109563          0          1          2
0.00028   0.999998 0.00109956          0          1          2
0.000281   0.999998 0.00110348          0          1          2
0.000282   0.999998 0.00110741          0          1          2
0.000283   0.999998 0.00111134          0          1          2
0.000284   0.999998 0.00111526          0          1          2
0.000285   0.999997 0.00111919          0          1          2
0.000286   0.999997 0.00112312          0          1          2
0.000287   0.999997 0.00112704          0          1          2
0.000288   0.999997 0.00113097          0          1          2
0.000289  0.999997 0.0011349         0         1         2
0.00029   0.999997 0.00113882          0          1          2
0.000291   0.999997 0.00114275          0          1          2
0.000292   0.999997 0.00114668          0          1          2
0.000293   0.999997 0.00115061          0          1          2
0.000294   0.999997 0.00115453          0          1          2
0.000295   0.999997 0.00115846          0          1          2
0.000296   0.999997 0.00116239          0          1          2
0.000297   0.999997 0.00116631          0          1          2
0.000298   0.999997 0.00117024          0          1          2
0.000299   0.999997 0.00117417          0          1          2
0.0003   0.999997 0.00117809          0          1          2
0.000301   0.999997 0.00118202          0          1          2
0.000302   0.999997 0.00118595          0          1          2
0.000303   0.999997 0.00118988          0          1          2
0.000304  0.999997 0.0011938         0         1         2
0.000305   0.999997 0.00119773          0          1          2
0.000306   0.999997 0.00120166          0          1          2
0.000307   0.999997 0.00120558          0          1          2
0.000308   0.999997 0.00120951          0          1          2
0.000309   0.999997 0.00121344          0          1          2
0.00031   0.999997 0.00121736          0          1          2
0.000311   0.999997 0.00122129          0          1          2
0.000312   0.999997 0.00122522          0          1          2
0.000313   0.999997 0.00122914          0          1          2
0.000314   0.999997 0.00123307          0          1          2
0.000315 0.999997 0.001237        0        1        2
0.000316   0.999997 0.00124093          0          1          2
0.000317   0.999997 0.00124485          0          1          2
0.000318   0.999997 0.00124878          0          1          2
0.000319   0.999997 0.00125271          0          1          2
0.00032   0.999997 0.00125663          0          1          2
0.000321   0.999997 0.00126056          0          1          2
0.000322   0.999997 0.00126449          0          1          2
0.000323   0.999997 0.00126841          0          1          2
0.000324   0.999997 0.00127234          0          1          2
0.000325   0.999997 0.00127627          0          1          2
0.000326  0.999997 0.0012802         0         1         2
0.000327   0.999997 0.00128412          0          1          2
0.000328   0.999997 0.00128805          0          1          2
0.000329   0.999997 0.00129198          0          1          2
0.00033  0.999997 0.0012959         0         1         2
0.000331   0.999997 0.00129983          0          1          2
0.000332   0.999997 0.00130376          0          1          2
0.000333   0.999997 0.00130768          0          1          2
0.000334   0.999997 0.00131161          0          1          2
0.000335   0.999997 0.00131554          0          1          2
0.000336   0.999997 0.00131946          0          1          2
0.000337   0.999996 0.00132339          0          1          2
0.000338   0.999996 0.00132732          0          1          2
0.000339   0.999996 0.00133125          0          1          2
0.00034   0.999996 0.00133517          0          1          2
0.000341  0.999996 0.0013391         0         1         2
0.000342   0.999996 0.00134303          0          1          2
0.000343   0.999996 0.00134695          0          1          2
0.000344   0.999996 0.00135088          0          1          2
0.000345   0.999996 0.00135481          0          1          2
0.000346   0.999996 0.00135873          0          1          2
0.000347   0.999996 0.00136266          0          1          2
0.000348   0.999996 0.00136659          0          1          2
0.000349   0.999996 0.00137052          0          1          2
0.00035   0.999996 0.00137444          0          1          2
0.000351   0.999996 0.00137837          0          1          2
0.000352  0.999996 0.0013823         0         1         2
0.000353   0.999996 0.00138622          0          1          2
0.000354   0.999996 0.00139015          0          1          2
0.000355   0.999996 0.00139408          0          1          2
0.000356 0.999996 0.001398        0        1        2
0.000357   0.999996 0.00140193          0          1          2
0.000358   0.999996 0.00140586          0          1          2
0.000359   0.999996 0.00140978          0          1          2
0.00036   0.999996 0.00141371          0          1          2
0.000361   0.999996 0.00141764          0          1          2
0.000362   0.999996 0.00142157          0          1          2
0.000363   0.999996 0.00142549          0          1          2
0.000364   0.999996 0.00142942          0          1          2
0.000365   0.999996 0.00143335          0          1          2
0.000366   0.999996 0.00143727          0          1          2
0.000367  0.999996 0.0014412         0         1         2
0.000368   0.999996 0.00144513          0          1          2
0.000369   0.999996 0.00144905          0          1          2
0.00037   0.999996 0.00145298          0          1          2
0.000371   0.999996 0.00145691          0          1          2
0.000372   0.999996 0.00146084          0          1          2
0.000373   0.999996 0.00146476          0          1          2
0.000374   0.999996 0.00146869          0          1          2
0.000375   0.999996 0.00147262          0          1          2
0.000376   0.999996 0.00147654          0          1          2
0.000377   0.999996 0.00148047          0          1          2
0.000378  0.999996 0.0014844         0         1         2
0.000379   0.999996 0.00148832          0          1          2
0.00038   0.999996 0.00149225          0          1          2
0.000381   0.999996 0.00149618          0          1          2
0.000382  0.999995 0.0015001         0         1         2
0.000383   0.999995 0.00150403          0          1          2
0.000384   0.999995 0.00150796          0          1          2
0.000385   0.999995 0.00151189          0          1          2
0.000386   0.999995 0.00151581          0          1          2
0.000387   0.999995 0.00151974          0          1          2
0.000388   0.999995 0.00152367          0          1          2
0.000389   0.999995 0.00152759          0          1          2
0.00039   0.999995 0.00153152          0          1          2
0.000391   0.999995 0.00153545          0          1          2
0.000392   0.999995 0.00153937          0          1          2
0.000393  0.999995 0.0015433         0         1         2
0.000394   0.999995 0.00154723          0          1          2
0.000395   0.999995 0.00155115          0          1          2
0.000396   0.999995 0.00155508          0          1          2
0.000397   0.999995 0.00155901          0          1          2
0.000398   0.999995 0.00156294          0          1          2
0.000399   0.999995 0.00156686          0          1          2
0.0004   0.999995 0.00157079          0          1          2
0.000401   0.999995 0.00157472          0          1          2
0.000402   0.999995 0.00157864          0          1          2
0.000403   0.999995 0.00158257          0          1          2
0.000404  0.999995 0.0015865         0         1         2
0.000405   0.999995 0.00159042          0          1          2
0.000406   0.999995 0.00159435          0          1          2
0.000407   0.999995 0.00159828          0          1          2
0.000408   0.999995 0.00160221          0          1          2
0.000409   0.999995 0.00160613          0          1          2
0.00041   0.999995 0.00161006          0          1          2
0.000411   0.999995 0.00161399          0          1          2
0.000412   0.999995 0.00161791          0          1          2
0.000413   0.999995 0.00162184          0          1          2
0.000414   0.999995 0.00162577          0          1          2
0.000415   0.999995 0.00162969          0          1          2
0.000416   0.999995 0.00163362          0          1          2
0.000417   0.999995 0.00163755          0          1          2
0.000418   0.999995 0.00164147          0          1          2
0.000419  0.999995 0.0016454         0         1         2
0.00042   0.999995 0.00164933          0          1          2
0.000421   0.999995 0.00165326          0          1          2
0.000422   0.999995 0.00165718          0          1          2
0.000423   0.999994 0.00166111          0          1          2
0.000424   0.999994 0.00166504          0          1          2
0.000425   0.999994 0.00166896          0          1          2
0.000426   0.999994 0.00167289          0          1          2
0.000427   0.999994 0.00167682          0          1          2
0.000428   0.999994 0.00168074          0          1          2
0.000429   0.999994 0.00168467          0          1          2
0.00043  0.999994 0.0016886         0         1         2
0.000431   0.999994 0.00169252          0          1          2
0.000432   0.999994 0.00169645          0          1          2
0.000433   0.999994 0.00170038          0          1          2
0.000434   0.999994 0.00170431          0          1          2
0.000435   0.999994 0.00170823          0          1          2
0.000436   0.999994 0.00171216          0          1          2
0.000437   0.999994 0.00171609          0          1          2
0.000438   0.999994 0.00172001          0          1          2
0.000439   0.999994 0.00172394          0          1          2
0.00044   0.999994 0.00172787          0          1          2
0.000441   0.999994 0.00173179          0          1          2
0.000442   0.999994 0.00173572          0          1          2
0.000443   0.999994 0.00173965          0          1          2
0.000444   0.999994 0.00174357          0          1          2
0.000445  0.999994 0.0017475         0         1         2
0.000446   0.999994 0.00175143          0          1          2
0.000447   0.999994 0.00175536          0          1          2
0.000448   0.999994 0.00175928          0          1          2
0.000449   0.999994 0.00176321          0          1          2
0.00045   0.999994 0.00176714          0          1          2
0.000451   0.999994 0.00177106          0          1          2
0.000452   0.999994 0.00177499          0          1          2
0.000453   0.999994 0.00177892          0          1          2
0.000454   0.999994 0.00178284          0          1          2
0.000455   0.999994 0.00178677          0          1          2
0.000456  0.999994 0.0017907         0         1         2
0.000457   0.999994 0.00179462          0          1          2
0.000458   0.999994 0.00179855          0          1          2
0.000459   0.999994 0.00180248          0          1          2
0.00046   0.999993 0.00180641          0          1          2
0.000461   0.999993 0.00181033          0          1          2
0.000462   0.999993 0.00181426          0          1          2
0.000463   0.999993 0.00181819          0          1          2
0.000464   0.999993 0.00182211          0          1          2
0.000465   0.999993 0.00182604          0          1          2
0.000466   0.999993 0.00182997          0          1          2
0.000467   0.999993 0.00183389          0          1          2
0.000468   0.999993 0.00183782          0          1          2
0.000469   0.999993 0.00184175          0          1          2
0.00047   0.999993 0.00184567          0          1          2
0.000471  0.999993 0.0018496         0         1         2
0.000472   0.999993 0.00185353          0          1          2
0.000473   0.999993 0.00185746          0          1          2
0.000474   0.999993 0.00186138          0          1          2
0.000475   0.999993 0.00186531          0          1          2
0.000476   0.999993 0.00186924          0          1          2
0.000477   0.999993 0.00187316          0          1          2
0.000478   0.999993 0.00187709          0          1          2
0.000479   0.999993 0.00188102          0          1          2
0.00048   0.999993 0.00188494          0          1          2
0.000481   0.999993 0.00188887          0          1          2
0.000482  0.999993 0.0018928         0         1         2
0.000483   0.999993 0.00189672          0          1          2
0.000484   0.999993 0.00190065          0          1          2
0.000485   0.999993 0.00190458          0          1          2
0.000486   0.999993 0.00190851          0          1          2
0.000487   0.999993 0.00191243          0          1          2
0.000488   0.999993 0.00191636          0          1          2
0.000489   0.999993 0.00192029          0          1          2
0.00049   0.999993 0.00192421          0          1          2
0.000491   0.999993 0.00192814          0          1          2
0.000492   0.999993 0.00193207          0          1          2
0.000493   0.999993 0.00193599          0          1          2
0.000494   0.999992 0.00193992          0          1          2
0.000495   0.999992 0.00194385          0          1          2
0.000496   0.999992 0.00194777          0          1          2
0.000497  0.999992 0.0019517         0         1         2
0.000498   0.999992 0.00195563          0          1          2
0.000499   0.999992 0.00195956          0          1          2
0.0005   0.999992 0.00196348          0          1          2
0.000501   0.999992 0.00196741          0          1          2
0.000502   0.999992 0.00197134          0          1          2
0.000503   0.999992 0.00197526          0          1          2
0.000504   0.999992 0.00197919          0          1          2
0.000505   0.999992 0.00198312          0          1          2
0.000506   0.999992 0.00198704          0          1          2
0.000507   0.999992 0.00199097          0          1          2
0.000508  0.999992 0.0019949         0         1         2
0.000509   0.999992 0.00199882          0          1          2
0.00051   0.999992 0.00200275          0          1          2
0.000511   0.999992 0.00200668          0          1          2
0.000512   0.999992 0.00201061          0          1          2
0.000513   0.999992 0.00201453          0          1          2
0.000514   0.999992 0.00201846          0          1          2
0.000515   0.999992 0.00202239          0          1          2
0.000516   0.999992 0.00202631          0          1          2
0.000517   0.999992 0.00203024          0          1          2
0.000518   0.999992 0.00203417          0          1          2
0.000519   0.999992 0.00203809          0          1          2
0.00052   0.999992 0.00204202          0          1          2
0.000521   0.999992 0.00204595          0          1          2
0.000522   0.999992 0.00204987          0          1          2
0.000523  0.999992 0.0020538         0         1         2
0.000524   0.999992 0.00205773          0          1          2
0.000525   0.999991 0.00206165          0          1          2
0.000526   0.999991 0.00206558          0          1          2
0.000527   0.999991 0.00206951          0          1          2
0.000528   0.999991 0.00207344          0          1          2
0.000529   0.999991 0.00207736          0          1          2
0.00053   0.999991 0.00208129          0          1          2
0.000531   0.999991 0.00208522          0          1          2
0.000532   0.999991 0.00208914          0          1          2
0.000533   0.999991 0.00209307          0          1          2
0.000534 0.999991 0.002097        0        1        2
0.000535   0.999991 0.00210092          0          1          2
0.000536   0.999991 0.00210485          0          1          2
0.000537   0.999991 0.00210878          0          1          2
0.000538  0.999991 0.0021127         0         1         2
0.000539   0.999991 0.00211663          0          1          2
0.00054   0.999991 0.00212056          0          1          2
0.000541   0.999991 0.00212449          0          1          2
0.000542   0.999991 0.00212841          0          1          2
0.000543   0.999991 0.00213234          0          1          2
0.000544   0.999991 0.00213627          0          1          2
0.000545   0.999991 0.00214019          0          1          2
0.000546   0.999991 0.00214412          0          1          2
0.000547   0.999991 0.00214805          0          1          2
0.000548   0.999991 0.00215197          0          1          2
0.000549  0.999991 0.0021559         0         1         2
0.00055   0.999991 0.00215983          0          1          2
0.000551   0.999991 0.00216375          0          1          2
0.000552   0.999991 0.00216768          0          1          2
0.000553   0.999991 0.00217161          0          1          2
0.000554   0.999991 0.00217553          0          1          2
0.000555    0.99999 0.00217946          0          1          2
0.000556    0.99999 0.00218339          0          1          2
0.000557    0.99999 0.00218732          0          1          2
0.000558    0.99999 0.00219124          0          1          2
0.000559    0.99999 0.00219517          0          1          2
0.00056   0.99999 0.0021991         0         1         2
0.000561    0.99999 0.00220302          0          1          2
0.000562    0.99999 0.00220695          0          1          2
0.000563    0.99999 0.00221088          0          1          2
0.000564   0.99999 0.0022148         0         1         2
0.000565    0.99999 0.00221873          0          1          2
0.000566    0.99999 0.00222266          0          1          2
0.000567    0.99999 0.00222658          0          1          2
0.000568    0.99999 0.00223051          0          1          2
0.000569    0.99999 0.00223444          0          1          2
0.00057    0.99999 0.00223837          0          1          2
0.000571    0.99999 0.00224229          0          1          2
0.000572    0.99999 0.00224622          0          1          2
0.000573    0.99999 0.00225015          0          1          2
0.000574    0.99999 0.00225407          0          1          2
0.000575  0.99999 0.002258        0        1        2
0.000576    0.99999 0.00226193          0          1          2
0.000577    0.99999 0.00226585          0          1          2
0.000578    0.99999 0.00226978          0          1          2
0.000579    0.99999 0.00227371          0          1          2
0.00058    0.99999 0.00227763          0          1          2
0.000581    0.99999 0.00228156          0          1          2
0.000582    0.99999 0.00228549          0          1          2
0.000583    0.99999 0.00228941          0          1          2
0.000584   0.999989 0.00229334          0          1          2
0.000585   0.999989 0.00229727          0          1          2
0.000586  0.999989 0.0023012         0         1         2
0.000587   0.999989 0.00230512          0          1          2
0.000588   0.999989 0.00230905          0          1          2
0.000589   0.999989 0.00231298          0          1          2
0.00059  0.999989 0.0023169         0         1         2
0.000591   0.999989 0.00232083          0          1          2
0.000592   0.999989 0.00232476          0          1          2
0.000593   0.999989 0.00232868          0          1          2
0.000594   0.999989 0.00233261          0          1          2
0.000595   0.999989 0.00233654          0          1          2
0.000596   0.999989 0.00234046          0          1          2
0.000597   0.999989 0.00234439          0          1          2
0.000598   0.999989 0.00234832          0          1          2
0.000599   0.999989 0.00235224          0          1          2
0.0006   0.999989 0.00235617          0          1          2
0.000601  0.999989 0.0023601         0         1         2
0.000602   0.999989 0.00236403          0          1          2
0.000603   0.999989 0.00236795          0          1          2
0.000604   0.999989 0.00237188          0          1          2
0.000605   0.999989 0.00237581          0          1          2
0.000606   0.999989 0.00237973          0          1          2
0.000607   0.999989 0.00238366          0          1          2
0.000608   0.999989 0.00238759          0          1          2
0.000609   0.999989 0.00239151          0          1          2
0.00061   0.999989 0.00239544          0          1          2
0.000611   0.999988 0.00239937          0          1          2
0.000612   0.999988 0.00240329          0          1          2
0.000613   0.999988 0.00240722          0          1          2
0.000614   0.999988 0.00241115          0          1          2
0.000615   0.999988 0.00241507          0          1          2
0.000616 0.999988 0.002419        0        1        2
0.000617   0.999988 0.00242293          0          1          2
0.000618   0.999988 0.00242686          0          1          2
0.000619   0.999988 0.00243078          0          1          2
0.00062   0.999988 0.00243471          0          1          2
0.000621   0.999988 0.00243864          0          1          2
0.000622   0.999988 0.00244256          0          1          2
0.000623   0.999988 0.00244649          0          1          2
0.000624   0.999988 0.00245042          0          1          2
0.000625   0.999988 0.00245434          0          1          2
0.000626   0.999988 0.00245827          0          1          2
0.000627  0.999988 0.0024622         0         1         2
0.000628   0.999988 0.00246612          0          1          2
0.000629   0.999988 0.00247005          0          1          2
0.00063   0.999988 0.00247398          0          1          2
0.000631  0.999988 0.0024779         0         1         2
0.000632   0.999988 0.00248183          0          1          2
0.000633   0.999988 0.00248576          0          1          2
0.000634   0.999988 0.00248969          0          1          2
0.000635   0.999988 0.00249361          0          1          2
0.000636   0.999988 0.00249754          0          1          2
0.000637   0.999987 0.00250147          0          1          2
0.000638   0.999987 0.00250539          0          1          2
0.000639   0.999987 0.00250932          0          1          2
0.00064   0.999987 0.00251325          0          1          2
0.000641   0.999987 0.00251717          0          1          2
0.000642  0.999987 0.0025211         0         1         2
0.000643   0.999987 0.00252503          0          1          2
0.000644   0.999987 0.00252895          0          1          2
0.000645   0.999987 0.00253288          0          1          2
0.000646   0.999987 0.00253681          0          1          2
0.000647   0.999987 0.00254073          0          1          2
0.000648   0.999987 0.00254466          0          1          2
0.000649   0.999987 0.00254859          0          1          2
0.00065   0.999987 0.00255251          0          1          2
0.000651   0.999987 0.00255644          0          1          2
0.000652   0.999987 0.00256037          0          1          2
0.000653  0.999987 0.0025643         0         1         2
0.000654   0.999987 0.00256822          0          1          2
0.000655   0.999987 0.00257215          0          1          2
0.000656   0.999987 0.00257608          0          1          2
0.000657 0.999987 0.00258       0       1       2
0.000658   0.999987 0.00258393          0          1          2
0.000659   0.999987 0.00258786          0          1          2
0.00066   0.999987 0.00259178          0          1          2
0.000661   0.999987 0.00259571          0          1          2
0.000662   0.999986 0.00259964          0          1          2
0.000663   0.999986 0.00260356          0          1          2
0.000664   0.999986 0.00260749          0          1          2
0.000665   0.999986 0.00261142          0          1          2
0.000666   0.999986 0.00261534          0          1          2
0.000667   0.999986 0.00261927          0          1          2
0.000668  0.999986 0.0026232         0         1         2
0.000669   0.999986 0.00262713          0          1          2
0.00067   0.999986 0.00263105          0          1          2
0.000671   0.999986 0.00263498          0          1          2
0.000672   0.999986 0.00263891          0          1          2
0.000673   0.999986 0.00264283          0          1          2
0.000674   0.999986 0.00264676          0          1          2
0.000675   0.999986 0.00265069          0          1          2
0.000676   0.999986 0.00265461          0          1          2
0.000677   0.999986 0.00265854          0          1          2
0.000678   0.999986 0.00266247          0          1          2
0.000679   0.999986 0.00266639          0          1          2
0.00068   0.999986 0.00267032          0          1          2
0.000681   0.999986 0.00267425          0          1          2
0.000682   0.999986 0.00267817          0          1          2
0.000683  0.999986 0.0026821         0         1         2
0.000684   0.999986 0.00268603          0          1          2
0.000685   0.999986 0.00268995          0          1          2
0.000686   0.999985 0.00269388          0          1          2
0.000687   0.999985 0.00269781          0          1          2
0.000688   0.999985 0.00270174          0          1          2
0.000689   0.999985 0.00270566          0          1          2
0.00069   0.999985 0.00270959          0          1          2
0.000691   0.999985 0.00271352          0          1          2
0.000692   0.999985 0.00271744          0          1          2
0.000693   0.999985 0.00272137          0          1          2
0.000694  0.999985 0.0027253         0         1         2
0.000695   0.999985 0.00272922          0          1          2
0.000696   0.999985 0.00273315          0          1          2
0.000697   0.999985 0.00273708          0          1          2
0.000698 0.999985 0.002741        0        1        2
0.000699   0.999985 0.00274493          0          1          2
0.0007   0.999985 0.00274886          0          1          2
0.000701   0.999985 0.00275278          0          1          2
0.000702   0.999985 0.00275671          0          1          2
0.000703   0.999985 0.00276064          0          1          2
0.000704   0.999985 0.00276456          0          1          2
0.000705   0.999985 0.00276849          0          1          2
0.000706   0.999985 0.00277242          0          1          2
0.000707   0.999985 0.00277635          0          1          2
0.000708   0.999985 0.00278027          0          1          2
0.000709  0.999984 0.0027842         0         1         2
0.00071   0.999984 0.00278813          0          1          2
0.000711   0.999984 0.00279205          0          1          2
0.000712   0.999984 0.00279598          0          1          2
0.000713   0.999984 0.00279991          0          1          2
0.000714   0.999984 0.00280383          0          1          2
0.000715   0.999984 0.00280776          0          1          2
0.000716   0.999984 0.00281169          0          1          2
0.000717   0.999984 0.00281561          0          1          2
0.000718   0.999984 0.00281954          0          1          2
0.000719   0.999984 0.00282347          0          1          2
0.00072   0.999984 0.00282739          0          1          2
0.000721   0.999984 0.00283132          0          1          2
0.000722   0.999984 0.00283525          0          1          2
0.000723   0.999984 0.00283917          0          1          2
0.000724  0.999984 0.0028431         0         1         2
0.000725   0.999984 0.00284703          0          1          2
0.000726   0.999984 0.00285095          0          1          2
0.000727   0.999984 0.00285488          0          1          2
0.000728   0.999984 0.00285881          0          1          2
0.000729   0.999984 0.00286274          0          1          2
0.00073   0.999984 0.00286666          0          1          2
0.000731   0.999984 0.00287059          0          1          2
0.000732   0.999983 0.00287452          0          1          2
0.000733   0.999983 0.00287844          0          1          2
0.000734   0.999983 0.00288237          0          1          2
0.000735  0.999983 0.0028863         0         1         2
0.000736   0.999983 0.00289022          0          1          2
0.000737   0.999983 0.00289415          0          1          2
0.000738   0.999983 0.00289808          0          1          2
0.000739 0.999983 0.002902        0        1        2
0.00074   0.999983 0.00290593          0          1          2
0.000741   0.999983 0.00290986          0          1          2
0.000742   0.999983 0.00291378          0          1          2
0.000743   0.999983 0.00291771          0          1          2
0.000744   0.999983 0.00292164          0          1          2
0.000745   0.999983 0.00292556          0          1          2
0.000746   0.999983 0.00292949          0          1          2
0.000747   0.999983 0.00293342          0          1          2
0.000748   0.999983 0.00293734          0          1          2
0.000749   0.999983 0.00294127          0          1          2
0.00075  0.999983 0.0029452         0         1         2
0.000751   0.999983 0.00294913          0          1          2
0.000752   0.999983 0.00295305          0          1          2
0.000753   0.999983 0.00295698          0          1          2
0.000754   0.999982 0.00296091          0          1          2
0.000755   0.999982 0.00296483          0          1          2
0.000756   0.999982 0.00296876          0          1          2
0.000757   0.999982 0.00297269          0          1          2
0.000758   0.999982 0.00297661          0          1          2
0.000759   0.999982 0.00298054          0          1          2
0.00076   0.999982 0.00298447          0          1          2
0.000761   0.999982 0.00298839          0          1          2
0.000762   0.999982 0.00299232          0          1          2
0.000763   0.999982 0.00299625          0          1          2
0.000764   0.999982 0.00300017          0          1          2
0.000765  0.999982 0.0030041         0         1         2
0.000766   0.999982 0.00300803          0          1          2
0.000767   0.999982 0.00301195          0          1          2
0.000768   0.999982 0.00301588          0          1          2
0.000769   0.999982 0.00301981          0          1          2
0.00077   0.999982 0.00302373          0          1          2
0.000771   0.999982 0.00302766          0          1          2
0.000772   0.999982 0.00303159          0          1          2
0.000773   0.999982 0.00303552          0          1          2
0.000774   0.999982 0.00303944          0          1          2
0.000775   0.999981 0.00304337          0          1          2
0.000776  0.999981 0.0030473         0         1         2
0.000777   0.999981 0.00305122          0          1          2
0.000778   0.999981 0.00305515          0          1          2
0.000779   0.999981 0.00305908          0          1          2
0.00078 0.999981 0.003063        0        1        2
0.000781   0.999981 0.00306693          0          1          2
0.000782   0.999981 0.00307086          0          1          2
0.000783   0.999981 0.00307478          0          1          2
0.000784   0.999981 0.00307871          0          1          2
0.000785   0.999981 0.00308264          0          1          2
0.000786   0.999981 0.00308656          0          1          2
0.000787   0.999981 0.00309049          0          1          2
0.000788   0.999981 0.00309442          0          1          2
0.000789   0.999981 0.00309834          0          1          2
0.00079   0.999981 0.00310227          0          1          2
0.000791  0.999981 0.0031062         0         1         2
0.000792   0.999981 0.00311012          0          1          2
0.000793   0.999981 0.00311405          0          1          2
0.000794   0.999981 0.00311798          0          1          2
0.000795  0.999981 0.0031219         0         1         2
0.000796    0.99998 0.00312583          0          1          2
0.000797    0.99998 0.00312976          0          1          2
0.000798    0.99998 0.00313368          0          1          2
0.000799    0.99998 0.00313761          0          1          2
0.0008    0.99998 0.00314154          0          1          2
0.000801    0.99998 0.00314547          0          1          2
0.000802    0.99998 0.00314939          0          1          2
0.000803    0.99998 0.00315332          0          1          2
0.000804    0.99998 0.00315725          0          1          2
0.000805    0.99998 0.00316117          0          1          2
0.000806   0.99998 0.0031651         0         1         2
0.000807    0.99998 0.00316903          0          1          2
0.000808    0.99998 0.00317295          0          1          2
0.000809    0.99998 0.00317688          0          1          2
0.00081    0.99998 0.00318081          0          1          2
0.000811    0.99998 0.00318473          0          1          2
0.000812    0.99998 0.00318866          0          1          2
0.000813    0.99998 0.00319259          0          1          2
0.000814    0.99998 0.00319651          0          1          2
0.000815    0.99998 0.00320044          0          1          2
0.000816   0.999979 0.00320437          0          1          2
0.000817   0.999979 0.00320829          0          1          2
0.000818   0.999979 0.00321222          0          1          2
0.000819   0.999979 0.00321615          0          1          2
0.00082   0.999979 0.00322007          0          1          2
0.000821 0.999979 0.003224        0        1        2
0.000822   0.999979 0.00322793          0          1          2
0.000823   0.999979 0.00323185          0          1          2
0.000824   0.999979 0.00323578          0          1          2
0.000825   0.999979 0.00323971          0          1          2
0.000826   0.999979 0.00324363          0          1          2
0.000827   0.999979 0.00324756          0          1          2
0.000828   0.999979 0.00325149          0          1          2
0.000829   0.999979 0.00325542          0          1          2
0.00083   0.999979 0.00325934          0          1          2
0.000831   0.999979 0.00326327          0          1          2
0.000832  0.999979 0.0032672         0         1         2
0.000833   0.999979 0.00327112          0          1          2
0.000834   0.999979 0.00327505          0          1          2
0.000835   0.999978 0.00327898          0          1          2
0.000836  0.999978 0.0032829         0         1         2
0.000837   0.999978 0.00328683          0          1          2
0.000838   0.999978 0.00329076          0          1          2
0.000839   0.999978 0.00329468          0          1          2
0.00084   0.999978 0.00329861          0          1          2
0.000841   0.999978 0.00330254          0          1          2
0.000842   0.999978 0.00330646          0          1          2
0.000843   0.999978 0.00331039          0          1          2
0.000844   0.999978 0.00331432          0          1          2
0.000845   0.999978 0.00331824          0          1          2
0.000846   0.999978 0.00332217          0          1          2
0.000847  0.999978 0.0033261         0         1         2
0.000848   0.999978 0.00333002          0          1          2
0.000849   0.999978 0.00333395          0          1          2
0.00085   0.999978 0.00333788          0          1          2
0.000851  0.999978 0.0033418         0         1         2
0.000852   0.999978 0.00334573          0          1          2
0.000853   0.999978 0.00334966          0          1          2
0.000854   0.999978 0.00335358          0          1          2
0.000855   0.999977 0.00335751          0          1          2
0.000856   0.999977 0.00336144          0          1          2
0.000857   0.999977 0.00336536          0          1          2
0.000858   0.999977 0.00336929          0          1          2
0.000859   0.999977 0.00337322          0          1          2
0.00086   0.999977 0.00337714          0          1          2
0.000861   0.999977 0.00338107          0          1          2
0.000862 0.999977 0.003385        0        1        2
0.000863   0.999977 0.00338893          0          1          2
0.000864   0.999977 0.00339285          0          1          2
0.000865   0.999977 0.00339678          0          1          2
0.000866   0.999977 0.00340071          0          1          2
0.000867   0.999977 0.00340463          0          1          2
0.000868   0.999977 0.00340856          0          1          2
0.000869   0.999977 0.00341249          0          1          2
0.00087   0.999977 0.00341641          0          1          2
0.000871   0.999977 0.00342034          0          1          2
0.000872   0.999977 0.00342427          0          1          2
0.000873   0.999976 0.00342819          0          1          2
0.000874   0.999976 0.00343212          0          1          2
0.000875   0.999976 0.00343605          0          1          2
0.000876   0.999976 0.00343997          0          1          2
0.000877  0.999976 0.0034439         0         1         2
0.000878   0.999976 0.00344783          0          1          2
0.000879   0.999976 0.00345175          0          1          2
0.00088   0.999976 0.00345568          0          1          2
0.000881   0.999976 0.00345961          0          1          2
0.000882   0.999976 0.00346353          0          1          2
0.000883   0.999976 0.00346746          0          1          2
0.000884   0.999976 0.00347139          0          1          2
0.000885   0.999976 0.00347531          0          1          2
0.000886   0.999976 0.00347924          0          1          2
0.000887   0.999976 0.00348317          0          1          2
0.000888   0.999976 0.00348709          0          1          2
0.000889   0.999976 0.00349102          0          1          2
0.00089   0.999976 0.00349495          0          1          2
0.000891   0.999976 0.00349887          0          1          2
0.000892  0.999975 0.0035028         0         1         2
0.000893   0.999975 0.00350673          0          1          2
0.000894   0.999975 0.00351065          0          1          2
0.000895   0.999975 0.00351458          0          1          2
0.000896   0.999975 0.00351851          0          1          2
0.000897   0.999975 0.00352243          0          1          2
0.000898   0.999975 0.00352636          0          1          2
0.000899   0.999975 0.00353029          0          1          2
0.0009   0.999975 0.00353421          0          1          2
0.000901   0.999975 0.00353814          0          1          2
0.000902   0.999975 0.00354207          0          1          2
0.000903   0.999975 0.00354599          0          1          2
0.000904   0.999975 0.00354992          0          1          2
0.000905   0.999975 0.00355385          0          1          2
0.000906   0.999975 0.00355777          0          1          2
0.000907  0.999975 0.0035617         0         1         2
0.000908   0.999975 0.00356563          0          1          2
0.000909   0.999975 0.00356956          0          1          2
0.00091   0.999974 0.00357348          0          1          2
0.000911   0.999974 0.00357741          0          1          2
0.000912   0.999974 0.00358134          0          1          2
0.000913   0.999974 0.00358526          0          1          2
0.000914   0.999974 0.00358919          0          1          2
0.000915   0.999974 0.00359312          0          1          2
0.000916   0.999974 0.00359704          0          1          2
0.000917   0.999974 0.00360097          0          1          2
0.000918  0.999974 0.0036049         0         1         2
0.000919   0.999974 0.00360882          0          1          2
0.00092   0.999974 0.00361275          0          1          2
0.000921   0.999974 0.00361668          0          1          2
0.000922  0.999974 0.0036206         0         1         2
0.000923   0.999974 0.00362453          0          1          2
0.000924   0.999974 0.00362846          0          1          2
0.000925   0.999974 0.00363238          0          1          2
0.000926   0.999974 0.00363631          0          1          2
0.000927   0.999973 0.00364024          0          1          2
0.000928   0.999973 0.00364416          0          1          2
0.000929   0.999973 0.00364809          0          1          2
0.00093   0.999973 0.00365202          0          1          2
0.000931   0.999973 0.00365594          0          1          2
0.000932   0.999973 0.00365987          0          1          2
0.000933  0.999973 0.0036638         0         1         2
0.000934   0.999973 0.00366772          0          1          2
0.000935   0.999973 0.00367165          0          1          2
0.000936   0.999973 0.00367558          0          1          2
0.000937  0.999973 0.0036795         0         1         2
0.000938   0.999973 0.00368343          0          1          2
0.000939   0.999973 0.00368736          0          1          2
0.00094   0.999973 0.00369128          0          1          2
0.000941   0.999973 0.00369521          0          1          2
0.000942   0.999973 0.00369914          0          1          2
0.000943   0.999973 0.00370306          0          1          2
0.000944   0.999973 0.00370699          0          1          2
0.000945   0.999972 0.00371092          0          1          2
0.000946   0.999972 0.00371484          0          1          2
0.000947   0.999972 0.00371877          0          1          2
0.000948  0.999972 0.0037227         0         1         2
0.000949   0.999972 0.00372662          0          1          2
0.00095   0.999972 0.00373055          0          1          2
0.000951   0.999972 0.00373448          0          1          2
0.000952  0.999972 0.0037384         0         1         2
0.000953   0.999972 0.00374233          0          1          2
0.000954   0.999972 0.00374626          0          1          2
0.000955   0.999972 0.00375018          0          1          2
0.000956   0.999972 0.00375411          0          1          2
0.000957   0.999972 0.00375804          0          1          2
0.000958   0.999972 0.00376196          0          1          2
0.000959   0.999972 0.00376589          0          1          2
0.00096   0.999972 0.00376982          0          1          2
0.000961   0.999972 0.00377374          0          1          2
0.000962   0.999971 0.00377767          0          1          2
0.000963  0.999971 0.0037816         0         1         2
0.000964   0.999971 0.00378552          0          1          2
0.000965   0.999971 0.00378945          0          1          2
0.000966   0.999971 0.00379338          0          1          2
0.000967  0.999971 0.0037973         0         1         2
0.000968   0.999971 0.00380123          0          1          2
0.000969   0.999971 0.00380516          0          1          2
0.00097   0.999971 0.00380908          0          1          2
0.000971   0.999971 0.00381301          0          1          2
0.000972   0.999971 0.00381694          0          1          2
0.000973   0.999971 0.00382086          0          1          2
0.000974   0.999971 0.00382479          0          1          2
0.000975   0.999971 0.00382872          0          1          2
0.000976   0.999971 0.00383264          0          1          2
0.000977   0.999971 0.00383657          0          1          2
0.000978  0.999971 0.0038405         0         1         2
0.000979    0.99997 0.00384442          0          1          2
0.00098    0.99997 0.00384835          0          1          2
0.000981    0.99997 0.00385228          0          1          2
0.000982   0.99997 0.0038562         0         1         2
0.000983    0.99997 0.00386013          0          1          2
0.000984    0.99997 0.00386406          0          1          2
0.000985    0.99997 0.00386798          0          1          2
0.000986    0.99997 0.00387191          0          1          2
0.000987    0.99997 0.00387584          0          1          2
0.000988    0.99997 0.00387976          0          1          2
0.000989    0.99997 0.00388369          0          1          2
0.00099    0.99997 0.00388762          0          1          2
0.000991    0.99997 0.00389154          0          1          2
0.000992    0.99997 0.00389547          0          1          2
0.000993   0.99997 0.0038994         0         1         2
0.000994    0.99997 0.00390332          0          1          2
0.000995   0.999969 0.00390725          0          1          2
0.000996   0.999969 0.00391118          0          1          2
0.000997  0.999969 0.0039151         0         1         2
0.000998   0.999969 0.00391903          0          1          2
0.000999   0.999969 0.00392296          0          1          2
0.001   0.999969 0.00392688          0          1          2
