0           2 -7.34788e-16            0

0.0001   1.99999 0.00314157          0

0.0002   1.99996 0.00628302          0

0.0003   1.99991 0.00942422          0

0.0004 1.99984 0.012565        0

0.0005  1.99975 0.0157054         0

0.0006  1.99964 0.0188451         0

0.0007  1.99952 0.0219841         0

0.0008  1.99937 0.0251222         0

0.0009   1.9992 0.0282593         0

0.001  1.99901 0.0313953         0

0.00111.99881 0.03453       0

0.0012  1.99858 0.0376634         0

0.0013  1.99833 0.0407953         0

0.0014  1.99807 0.0439256         0

0.0015  1.99778 0.0470542         0

0.0016  1.99748 0.0501809         0

0.0017  1.99715 0.0533056         0

0.0018  1.99681 0.0564282         0

0.0019  1.99644 0.0595486         0

0.002  1.99606 0.0626666         0

0.0021  1.99565 0.0657822         0

0.0022  1.99523 0.0688951         0

0.0023  1.99479 0.0720054         0

0.0024  1.99433 0.0751128         0

0.0025  1.99384 0.0782172         0

0.0026  1.99334 0.0813186         0

0.0027  1.99282 0.0844167         0

0.0028  1.99228 0.0875115         0

0.0029  1.99172 0.0906029         0

0.003  1.99114 0.0936907         0

0.0031  1.99055 0.0967747         0

0.0032 1.98993 0.099855        0

0.0033 1.98929 0.102931        0

0.0034 1.98863 0.106004        0

0.0035 1.98796 0.109072        0

0.0036 1.98726 0.112135        0

0.0037 1.98655 0.115195        0

0.0038 1.98582 0.118249        0

0.00391.98506 0.1213      0

0.004 1.98429 0.124345        0

0.0041  1.9835 0.127385        0

0.0042 1.98269 0.130421        0

0.0043 1.98186 0.133451        0

0.0044 1.98101 0.136476        0

0.0045 1.98015 0.139496        0

0.00461.97926 0.14251       0

0.0047 1.97836 0.145518        0

0.0048 1.97743 0.148521        0

0.0049 1.97649 0.151518        0

0.005 1.97553 0.154508        0

0.0051 1.97455 0.157493        0

0.0052 1.97355 0.160472        0

0.0053 1.97253 0.163444        0

0.0054 1.9715 0.16641       0

0.0055 1.97044 0.169369        0

0.0056 1.96937 0.172321        0

0.0057 1.96827 0.175267        0

0.0058 1.96716 0.178206        0

0.0059 1.96604 0.181138        0

0.006 1.96489 0.184062        0

0.00611.96372 0.18698       0

0.00621.96254 0.18989       0

0.0063 1.96134 0.192792        0

0.0064 1.96012 0.195687        0

0.0065 1.95888 0.198574        0

0.0066 1.95762 0.201453        0

0.0067 1.95635 0.204325        0

0.0068 1.95505 0.207188        0

0.0069 1.95374 0.210043        0

0.0071.95241 0.21289       0

0.0071 1.95107 0.215728        0

0.0072  1.9497 0.218558        0

0.0073 1.94832 0.221379        0

0.0074 1.94692 0.224192        0

0.0075  1.9455 0.226995        0

0.00761.94407 0.22979       0

0.0077 1.94262 0.232576        0

0.0078 1.94115 0.235352        0

0.0079 1.93966 0.238119        0

0.008 1.93815 0.240877        0

0.0081 1.93663 0.243625        0

0.0082 1.93509 0.246364        0

0.0083 1.93354 0.249093        0

0.0084 1.93196 0.251812        0

0.0085 1.93037 0.254521        0

0.00861.92876 0.25722       0

0.0087 1.92714 0.259909        0

0.0088  1.9255 0.262587        0

0.0089 1.92384 0.265256        0

0.009 1.92216 0.267913        0

0.0091 1.92047 0.270561        0

0.0092 1.91876 0.273197        0

0.0093 1.91704 0.275823        0

0.0094  1.9153 0.278438        0

0.0095 1.91354 0.281042        0

0.0096 1.91177 0.283634        0

0.0097 1.90998 0.286216        0

0.0098 1.90817 0.288786        0

0.0099 1.90635 0.291345        0

0.01 1.90451 0.293893        0

0.0101 1.90265 0.296428        0

0.0102 1.90078 0.298952        0

0.0103  1.8989 0.301465        0

0.0104   1.897 0.303965        0

0.0105 1.89508 0.306454        0

0.01061.89314 0.30893       0

0.0107  1.8912 0.311394        0

0.0108 1.88923 0.313846        0

0.0109 1.88725 0.316285        0

0.011 1.88526 0.318712        0

0.0111 1.88325 0.321126        0

0.0112 1.88122 0.323528        0

0.0113 1.87918 0.325917        0

0.0114 1.87713 0.328293        0

0.0115 1.87506 0.330656        0

0.0116 1.87297 0.333006        0

0.0117 1.87087 0.335343        0

0.0118 1.86876 0.337666        0

0.0119 1.86663 0.339977        0

0.012 1.86448 0.342274        0

0.0121 1.86233 0.344557        0

0.0122 1.86015 0.346827        0

0.0123 1.85797 0.349083        0

0.0124 1.85577 0.351325        0

0.0125 1.85355 0.353553        0

0.0126 1.85132 0.355768        0

0.0127 1.84908 0.357968        0

0.0128 1.84683 0.360155        0

0.0129 1.84456 0.362327        0

0.013 1.84227 0.364484        0

0.0131 1.83998 0.366628        0

0.0132 1.83767 0.368757        0

0.0133 1.83534 0.370871        0

0.0134 1.83301 0.372971        0

0.0135 1.83066 0.375056        0

0.0136 1.82829 0.377126        0

0.0137 1.82592 0.379181        0

0.0138 1.82353 0.381221        0

0.0139 1.82113 0.383247        0

0.014 1.81871 0.385257        0

0.0141 1.81629 0.387252        0

0.0142 1.81385 0.389231        0

0.0143 1.81139 0.391195        0

0.0144 1.80893 0.393144        0

0.0145 1.80645 0.395078        0

0.0146 1.80397 0.396995        0

0.0147 1.80146 0.398897        0

0.0148 1.79895 0.400783        0

0.0149 1.79643 0.402654        0

0.015 1.79389 0.404508        0

0.0151 1.79135 0.406347        0

0.01521.78879 0.40817       0

0.0153 1.78622 0.409976        0

0.0154 1.78363 0.411766        0

0.01551.78104 0.41354       0

0.0156 1.77844 0.415298        0

0.0157 1.77582 0.417039        0

0.0158  1.7732 0.418764        0

0.0159 1.77056 0.420472        0

0.016 1.76791 0.422164        0

0.0161 1.76526 0.423839        0

0.0162 1.76259 0.425497        0

0.0163 1.75991 0.427139        0

0.0164 1.75722 0.428763        0

0.0165 1.75452 0.430371        0

0.0166 1.75181 0.431962        0

0.0167 1.74909 0.433535        0

0.0168 1.74636 0.435092        0

0.0169 1.74363 0.436631        0

0.017 1.74088 0.438153        0

0.0171 1.73812 0.439658        0

0.0172 1.73535 0.441146        0

0.0173 1.73258 0.442616        0

0.0174 1.72979 0.444068        0

0.0175   1.727 0.445503        0

0.0176 1.72419 0.446921        0

0.0177 1.72138 0.448321        0

0.0178 1.71856 0.449703        0

0.0179 1.71573 0.451067        0

0.018 1.71289 0.452414        0

0.0181 1.71004 0.453742        0

0.0182 1.70719 0.455053        0

0.0183 1.70432 0.456346        0

0.0184 1.70145 0.457621        0

0.0185 1.69857 0.458877        0

0.0186 1.69569 0.460116        0

0.0187 1.69279 0.461336        0

0.0188 1.68989 0.462539        0

0.0189 1.68698 0.463723        0

0.019 1.68406 0.464888        0

0.0191 1.68114 0.466036        0

0.0192 1.67821 0.467164        0

0.0193 1.67527 0.468275        0

0.0194 1.67232 0.469367        0

0.01951.66937 0.47044       0

0.0196 1.66641 0.471495        0

0.0197 1.66344 0.472532        0

0.0198 1.66047 0.473549        0

0.0199 1.65749 0.474548        0

0.02 1.65451 0.475528        0

0.02011.65152 0.47649       0

0.0202 1.64852 0.477432        0

0.0203 1.64552 0.478356        0

0.0204 1.64251 0.479261        0

0.0205  1.6395 0.480147        0

0.0206 1.63648 0.481014        0

0.0207 1.63345 0.481862        0

0.0208 1.63042 0.482691        0

0.0209 1.62739 0.483501        0

0.021 1.62434 0.484292        0

0.0211  1.6213 0.485063        0

0.0212 1.61825 0.485816        0

0.0213 1.61519 0.486549        0

0.0214 1.61214 0.487263        0

0.0215 1.60907 0.487958        0

0.0216   1.606 0.488634        0

0.02171.60293 0.48929       0

0.0218 1.59985 0.489928        0

0.0219 1.59677 0.490545        0

0.022 1.59369 0.491144        0

0.0221  1.5906 0.491723        0

0.0222 1.58751 0.492282        0

0.0223 1.58442 0.492822        0

0.0224 1.58132 0.493343        0

0.0225 1.57822 0.493844        0

0.0226 1.57511 0.494326        0

0.0227 1.57201 0.494788        0

0.0228  1.5689 0.495231        0

0.0229 1.56578 0.495654        0

0.023 1.56267 0.496057        0

0.0231 1.55955 0.496441        0

0.0232 1.55643 0.496806        0

0.02331.55331 0.49715       0

0.0234 1.55018 0.497476        0

0.0235 1.54705 0.497781        0

0.0236 1.54393 0.498067        0

0.0237  1.5408 0.498333        0

0.0238 1.53766 0.498579        0

0.0239 1.53453 0.498806        0

0.024  1.5314 0.499013        0

0.0241 1.52826 0.499201        0

0.0242 1.52512 0.499368        0

0.0243 1.52198 0.499516        0

0.0244 1.51885 0.499645        0

0.0245 1.51571 0.499753        0

0.0246 1.51257 0.499842        0

0.0247 1.50942 0.499911        0

0.0248 1.50628 0.499961        0

0.02491.50314 0.49999       0

0.0251.5 0.5   0

0.02511.49686 0.49999       0

0.0252 1.49372 0.499961        0

0.0253 1.49058 0.499911        0

0.0254 1.48743 0.499842        0

0.0255 1.48429 0.499753        0

0.0256 1.48115 0.499645        0

0.0257 1.47802 0.499516        0

0.0258 1.47488 0.499368        0

0.0259 1.47174 0.499201        0

0.026  1.4686 0.499013        0

0.0261 1.46547 0.498806        0

0.0262 1.46234 0.498579        0

0.0263  1.4592 0.498333        0

0.0264 1.45607 0.498067        0

0.0265 1.45295 0.497781        0

0.0266 1.44982 0.497476        0

0.02671.44669 0.49715       0

0.0268 1.44357 0.496806        0

0.0269 1.44045 0.496441        0

0.027 1.43733 0.496057        0

0.0271 1.43422 0.495654        0

0.0272  1.4311 0.495231        0

0.0273 1.42799 0.494788        0

0.0274 1.42489 0.494326        0

0.0275 1.42178 0.493844        0

0.0276 1.41868 0.493343        0

0.0277 1.41558 0.492822        0

0.0278 1.41249 0.492282        0

0.0279  1.4094 0.491723        0

0.028 1.40631 0.491144        0

0.0281 1.40323 0.490545        0

0.0282 1.40015 0.489928        0

0.02831.39707 0.48929       0

0.0284   1.394 0.488634        0

0.0285 1.39093 0.487958        0

0.0286 1.38786 0.487263        0

0.0287 1.38481 0.486549        0

0.0288 1.38175 0.485816        0

0.0289  1.3787 0.485063        0

0.029 1.37566 0.484292        0

0.0291 1.37261 0.483501        0

0.0292 1.36958 0.482691        0

0.0293 1.36655 0.481862        0

0.0294 1.36352 0.481014        0

0.0295  1.3605 0.480147        0

0.0296 1.35749 0.479261        0

0.0297 1.35448 0.478356        0

0.0298 1.35148 0.477432        0

0.02991.34848 0.47649       0

0.03 1.34549 0.475528        0

0.0301 1.34251 0.474548        0

0.0302 1.33953 0.473549        0

0.0303 1.33656 0.472532        0

0.0304 1.33359 0.471495        0

0.03051.33063 0.47044       0

0.0306 1.32768 0.469367        0

0.0307 1.32473 0.468275        0

0.0308 1.32179 0.467164        0

0.0309 1.31886 0.466036        0

0.031 1.31594 0.464888        0

0.0311 1.31302 0.463723        0

0.0312 1.31011 0.462539        0

0.0313 1.30721 0.461336        0

0.0314 1.30431 0.460116        0

0.0315 1.30143 0.458877        0

0.0316 1.29855 0.457621        0

0.0317 1.29568 0.456346        0

0.0318 1.29281 0.455053        0

0.0319 1.28996 0.453742        0

0.032 1.28711 0.452414        0

0.0321 1.28427 0.451067        0

0.0322 1.28144 0.449703        0

0.0323 1.27862 0.448321        0

0.0324 1.27581 0.446921        0

0.0325   1.273 0.445503        0

0.0326 1.27021 0.444068        0

0.0327 1.26742 0.442616        0

0.0328 1.26465 0.441146        0

0.0329 1.26188 0.439658        0

0.033 1.25912 0.438153        0

0.0331 1.25637 0.436631        0

0.0332 1.25364 0.435092        0

0.0333 1.25091 0.433535        0

0.0334 1.24819 0.431962        0

0.0335 1.24548 0.430371        0

0.0336 1.24278 0.428763        0

0.0337 1.24009 0.427139        0

0.0338 1.23741 0.425497        0

0.0339 1.23474 0.423839        0

0.034 1.23209 0.422164        0

0.0341 1.22944 0.420472        0

0.0342  1.2268 0.418764        0

0.0343 1.22418 0.417039        0

0.0344 1.22156 0.415298        0

0.03451.21896 0.41354       0

0.0346 1.21637 0.411766        0

0.0347 1.21378 0.409976        0

0.03481.21121 0.40817       0

0.0349 1.20865 0.406347        0

0.035 1.20611 0.404508        0

0.0351 1.20357 0.402654        0

0.0352 1.20105 0.400783        0

0.0353 1.19854 0.398897        0

0.0354 1.19603 0.396995        0

0.0355 1.19355 0.395078        0

0.0356 1.19107 0.393144        0

0.0357 1.18861 0.391195        0

0.0358 1.18615 0.389231        0

0.0359 1.18371 0.387252        0

0.036 1.18129 0.385257        0

0.0361 1.17887 0.383247        0

0.0362 1.17647 0.381221        0

0.0363 1.17408 0.379181        0

0.0364 1.17171 0.377126        0

0.0365 1.16934 0.375056        0

0.0366 1.16699 0.372971        0

0.0367 1.16466 0.370871        0

0.0368 1.16233 0.368757        0

0.0369 1.16002 0.366628        0

0.037 1.15773 0.364484        0

0.0371 1.15544 0.362327        0

0.0372 1.15317 0.360155        0

0.0373 1.15092 0.357968        0

0.0374 1.14868 0.355768        0

0.0375 1.14645 0.353553        0

0.0376 1.14423 0.351325        0

0.0377 1.14203 0.349083        0

0.0378 1.13985 0.346827        0

0.0379 1.13767 0.344557        0

0.038 1.13552 0.342274        0

0.0381 1.13337 0.339977        0

0.0382 1.13124 0.337666        0

0.0383 1.12913 0.335343        0

0.0384 1.12703 0.333006        0

0.0385 1.12494 0.330656        0

0.0386 1.12287 0.328293        0

0.0387 1.12082 0.325917        0

0.0388 1.11878 0.323528        0

0.0389 1.11675 0.321126        0

0.039 1.11474 0.318712        0

0.0391 1.11275 0.316285        0

0.0392 1.11077 0.313846        0

0.0393  1.1088 0.311394        0

0.03941.10686 0.30893       0

0.0395 1.10492 0.306454        0

0.0396   1.103 0.303965        0

0.0397  1.1011 0.301465        0

0.0398 1.09922 0.298952        0

0.0399 1.09735 0.296428        0

0.04 1.09549 0.293893        0

0.0401 1.09365 0.291345        0

0.0402 1.09183 0.288786        0

0.0403 1.09002 0.286216        0

0.0404 1.08823 0.283634        0

0.0405 1.08646 0.281042        0

0.0406  1.0847 0.278438        0

0.0407 1.08296 0.275823        0

0.0408 1.08124 0.273197        0

0.0409 1.07953 0.270561        0

0.041 1.07784 0.267913        0

0.0411 1.07616 0.265256        0

0.0412  1.0745 0.262587        0

0.0413 1.07286 0.259909        0

0.04141.07124 0.25722       0

0.0415 1.06963 0.254521        0

0.0416 1.06804 0.251812        0

0.0417 1.06646 0.249093        0

0.0418 1.06491 0.246364        0

0.0419 1.06337 0.243625        0

0.042 1.06185 0.240877        0

0.0421 1.06034 0.238119        0

0.0422 1.05885 0.235352        0

0.0423 1.05738 0.232576        0

0.04241.05593 0.22979       0

0.0425  1.0545 0.226995        0

0.0426 1.05308 0.224192        0

0.0427 1.05168 0.221379        0

0.0428  1.0503 0.218558        0

0.0429 1.04893 0.215728        0

0.0431.04759 0.21289       0

0.0431 1.04626 0.210043        0

0.0432 1.04495 0.207188        0

0.0433 1.04365 0.204325        0

0.0434 1.04238 0.201453        0

0.0435 1.04112 0.198574        0

0.0436 1.03988 0.195687        0

0.0437 1.03866 0.192792        0

0.04381.03746 0.18989       0

0.04391.03628 0.18698       0

0.044 1.03511 0.184062        0

0.0441 1.03396 0.181138        0

0.0442 1.03284 0.178206        0

0.0443 1.03173 0.175267        0

0.0444 1.03063 0.172321        0

0.0445 1.02956 0.169369        0

0.0446 1.0285 0.16641       0

0.0447 1.02747 0.163444        0

0.0448 1.02645 0.160472        0

0.0449 1.02545 0.157493        0

0.045 1.02447 0.154508        0

0.0451 1.02351 0.151518        0

0.0452 1.02257 0.148521        0

0.0453 1.02164 0.145518        0

0.04541.02074 0.14251       0

0.0455 1.01985 0.139496        0

0.0456 1.01899 0.136476        0

0.0457 1.01814 0.133451        0

0.0458 1.01731 0.130421        0

0.0459  1.0165 0.127385        0

0.046 1.01571 0.124345        0

0.04611.01494 0.1213      0

0.0462 1.01418 0.118249        0

0.0463 1.01345 0.115195        0

0.0464 1.01274 0.112135        0

0.0465 1.01204 0.109072        0

0.0466 1.01137 0.106004        0

0.0467 1.01071 0.102931        0

0.0468 1.01007 0.099855        0

0.0469  1.00945 0.0967747         0

0.047  1.00886 0.0936907         0

0.0471  1.00828 0.0906029         0

0.0472  1.00772 0.0875115         0

0.0473  1.00718 0.0844167         0

0.0474  1.00666 0.0813186         0

0.0475  1.00616 0.0782172         0

0.0476  1.00567 0.0751128         0

0.0477  1.00521 0.0720054         0

0.0478  1.00477 0.0688951         0

0.0479  1.00435 0.0657822         0

0.048  1.00394 0.0626666         0

0.0481  1.00356 0.0595486         0

0.0482  1.00319 0.0564282         0

0.0483  1.00285 0.0533056         0

0.0484  1.00252 0.0501809         0

0.0485  1.00222 0.0470542         0

0.0486  1.00193 0.0439256         0

0.0487  1.00167 0.0407953         0

0.0488  1.00142 0.0376634         0

0.04891.00119 0.03453       0

0.049  1.00099 0.0313953         0

0.0491   1.0008 0.0282593         0

0.0492  1.00063 0.0251222         0

0.0493  1.00048 0.0219841         0

0.0494  1.00036 0.0188451         0

0.0495  1.00025 0.0157054         0

0.0496 1.00016 0.012565        0

0.0497   1.00009 0.00942422          0

0.0498   1.00004 0.00628302          0

0.0499   1.00001 0.00314157          0

0.05           1 -1.28402e-14            0

0.0501    1.00001 -0.00314157           0

0.0502    1.00004 -0.00628302           0

0.0503    1.00009 -0.00942422           0

0.0504  1.00016 -0.012565         0

0.0505   1.00025 -0.0157054          0

0.0506   1.00036 -0.0188451          0

0.0507   1.00048 -0.0219841          0

0.0508   1.00063 -0.0251222          0

0.0509    1.0008 -0.0282593          0

0.051   1.00099 -0.0313953          0

0.0511 1.00119 -0.03453        0

0.0512   1.00142 -0.0376634          0

0.0513   1.00167 -0.0407953          0

0.0514   1.00193 -0.0439256          0

0.0515   1.00222 -0.0470542          0

0.0516   1.00252 -0.0501809          0

0.0517   1.00285 -0.0533056          0

0.0518   1.00319 -0.0564282          0

0.0519   1.00356 -0.0595486          0

0.052   1.00394 -0.0626666          0

0.0521   1.00435 -0.0657822          0

0.0522   1.00477 -0.0688951          0

0.0523   1.00521 -0.0720054          0

0.0524   1.00567 -0.0751128          0

0.0525   1.00616 -0.0782172          0

0.0526   1.00666 -0.0813186          0

0.0527   1.00718 -0.0844167          0

0.0528   1.00772 -0.0875115          0

0.0529   1.00828 -0.0906029          0

0.053   1.00886 -0.0936907          0

0.0531   1.00945 -0.0967747          0

0.0532  1.01007 -0.099855         0

0.0533  1.01071 -0.102931         0

0.0534  1.01137 -0.106004         0

0.0535  1.01204 -0.109072         0

0.0536  1.01274 -0.112135         0

0.0537  1.01345 -0.115195         0

0.0538  1.01418 -0.118249         0

0.05391.01494 -0.1213       0

0.054  1.01571 -0.124345         0

0.0541   1.0165 -0.127385         0

0.0542  1.01731 -0.130421         0

0.0543  1.01814 -0.133451         0

0.0544  1.01899 -0.136476         0

0.0545  1.01985 -0.139496         0

0.0546 1.02074 -0.14251        0

0.0547  1.02164 -0.145518         0

0.0548  1.02257 -0.148521         0

0.0549  1.02351 -0.151518         0

0.055  1.02447 -0.154508         0

0.0551  1.02545 -0.157493         0

0.0552  1.02645 -0.160472         0

0.0553  1.02747 -0.163444         0

0.0554  1.0285 -0.16641        0

0.0555  1.02956 -0.169369         0

0.0556  1.03063 -0.172321         0

0.0557  1.03173 -0.175267         0

0.0558  1.03284 -0.178206         0

0.0559  1.03396 -0.181138         0

0.056  1.03511 -0.184062         0

0.0561 1.03628 -0.18698        0

0.0562 1.03746 -0.18989        0

0.0563  1.03866 -0.192792         0

0.0564  1.03988 -0.195687         0

0.0565  1.04112 -0.198574         0

0.0566  1.04238 -0.201453         0

0.0567  1.04365 -0.204325         0

0.0568  1.04495 -0.207188         0

0.0569  1.04626 -0.210043         0

0.057 1.04759 -0.21289        0

0.0571  1.04893 -0.215728         0

0.0572   1.0503 -0.218558         0

0.0573  1.05168 -0.221379         0

0.0574  1.05308 -0.224192         0

0.0575   1.0545 -0.226995         0

0.0576 1.05593 -0.22979        0

0.0577  1.05738 -0.232576         0

0.0578  1.05885 -0.235352         0

0.0579  1.06034 -0.238119         0

0.058  1.06185 -0.240877         0

0.0581  1.06337 -0.243625         0

0.0582  1.06491 -0.246364         0

0.0583  1.06646 -0.249093         0

0.0584  1.06804 -0.251812         0

0.0585  1.06963 -0.254521         0

0.0586 1.07124 -0.25722        0

0.0587  1.07286 -0.259909         0

0.0588   1.0745 -0.262587         0

0.0589  1.07616 -0.265256         0

0.059  1.07784 -0.267913         0

0.0591  1.07953 -0.270561         0

0.0592  1.08124 -0.273197         0

0.0593  1.08296 -0.275823         0

0.0594   1.0847 -0.278438         0

0.0595  1.08646 -0.281042         0

0.0596  1.08823 -0.283634         0

0.0597  1.09002 -0.286216         0

0.0598  1.09183 -0.288786         0

0.0599  1.09365 -0.291345         0

0.06  1.09549 -0.293893         0

0.0601  1.09735 -0.296428         0

0.0602  1.09922 -0.298952         0

0.0603   1.1011 -0.301465         0

0.0604    1.103 -0.303965         0

0.0605  1.10492 -0.306454         0

0.0606 1.10686 -0.30893        0

0.0607   1.1088 -0.311394         0

0.0608  1.11077 -0.313846         0

0.0609  1.11275 -0.316285         0

0.061  1.11474 -0.318712         0

0.0611  1.11675 -0.321126         0

0.0612  1.11878 -0.323528         0

0.0613  1.12082 -0.325917         0

0.0614  1.12287 -0.328293         0

0.0615  1.12494 -0.330656         0

0.0616  1.12703 -0.333006         0

0.0617  1.12913 -0.335343         0

0.0618  1.13124 -0.337666         0

0.0619  1.13337 -0.339977         0

0.062  1.13552 -0.342274         0

0.0621  1.13767 -0.344557         0

0.0622  1.13985 -0.346827         0

0.0623  1.14203 -0.349083         0

0.0624  1.14423 -0.351325         0

0.0625  1.14645 -0.353553         0

0.0626  1.14868 -0.355768         0

0.0627  1.15092 -0.357968         0

0.0628  1.15317 -0.360155         0

0.0629  1.15544 -0.362327         0

0.063  1.15773 -0.364484         0

0.0631  1.16002 -0.366628         0

0.0632  1.16233 -0.368757         0

0.0633  1.16466 -0.370871         0

0.0634  1.16699 -0.372971         0

0.0635  1.16934 -0.375056         0

0.0636  1.17171 -0.377126         0

0.0637  1.17408 -0.379181         0

0.0638  1.17647 -0.381221         0

0.0639  1.17887 -0.383247         0

0.064  1.18129 -0.385257         0

0.0641  1.18371 -0.387252         0

0.0642  1.18615 -0.389231         0

0.0643  1.18861 -0.391195         0

0.0644  1.19107 -0.393144         0

0.0645  1.19355 -0.395078         0

0.0646  1.19603 -0.396995         0

0.0647  1.19854 -0.398897         0

0.0648  1.20105 -0.400783         0

0.0649  1.20357 -0.402654         0

0.065  1.20611 -0.404508         0

0.0651  1.20865 -0.406347         0

0.0652 1.21121 -0.40817        0

0.0653  1.21378 -0.409976         0

0.0654  1.21637 -0.411766         0

0.0655 1.21896 -0.41354        0

0.0656  1.22156 -0.415298         0

0.0657  1.22418 -0.417039         0

0.0658   1.2268 -0.418764         0

0.0659  1.22944 -0.420472         0

0.066  1.23209 -0.422164         0

0.0661  1.23474 -0.423839         0

0.0662  1.23741 -0.425497         0

0.0663  1.24009 -0.427139         0

0.0664  1.24278 -0.428763         0

0.0665  1.24548 -0.430371         0

0.0666  1.24819 -0.431962         0

0.0667  1.25091 -0.433535         0

0.0668  1.25364 -0.435092         0

0.0669  1.25637 -0.436631         0

0.067  1.25912 -0.438153         0

0.0671  1.26188 -0.439658         0

0.0672  1.26465 -0.441146         0

0.0673  1.26742 -0.442616         0

0.0674  1.27021 -0.444068         0

0.0675    1.273 -0.445503         0

0.0676  1.27581 -0.446921         0

0.0677  1.27862 -0.448321         0

0.0678  1.28144 -0.449703         0

0.0679  1.28427 -0.451067         0

0.068  1.28711 -0.452414         0

0.0681  1.28996 -0.453742         0

0.0682  1.29281 -0.455053         0

0.0683  1.29568 -0.456346         0

0.0684  1.29855 -0.457621         0

0.0685  1.30143 -0.458877         0

0.0686  1.30431 -0.460116         0

0.0687  1.30721 -0.461336         0

0.0688  1.31011 -0.462539         0

0.0689  1.31302 -0.463723         0

0.069  1.31594 -0.464888         0

0.0691  1.31886 -0.466036         0

0.0692  1.32179 -0.467164         0

0.0693  1.32473 -0.468275         0

0.0694  1.32768 -0.469367         0

0.0695 1.33063 -0.47044        0

0.0696  1.33359 -0.471495         0

0.0697  1.33656 -0.472532         0

0.0698  1.33953 -0.473549         0

0.0699  1.34251 -0.474548         0

0.07  1.34549 -0.475528         0

0.0701 1.34848 -0.47649        0

0.0702  1.35148 -0.477432         0

0.0703  1.35448 -0.478356         0

0.0704  1.35749 -0.479261         0

0.0705   1.3605 -0.480147         0

0.0706  1.36352 -0.481014         0

0.0707  1.36655 -0.481862         0

0.0708  1.36958 -0.482691         0

0.0709  1.37261 -0.483501         0

0.071  1.37566 -0.484292         0

0.0711   1.3787 -0.485063         0

0.0712  1.38175 -0.485816         0

0.0713  1.38481 -0.486549         0

0.0714  1.38786 -0.487263         0

0.0715  1.39093 -0.487958         0

0.0716    1.394 -0.488634         0

0.0717 1.39707 -0.48929        0

0.0718  1.40015 -0.489928         0

0.0719  1.40323 -0.490545         0

0.072  1.40631 -0.491144         0

0.0721   1.4094 -0.491723         0

0.0722  1.41249 -0.492282         0

0.0723  1.41558 -0.492822         0

0.0724  1.41868 -0.493343         0

0.0725  1.42178 -0.493844         0

0.0726  1.42489 -0.494326         0

0.0727  1.42799 -0.494788         0

0.0728   1.4311 -0.495231         0

0.0729  1.43422 -0.495654         0

0.073  1.43733 -0.496057         0

0.0731  1.44045 -0.496441         0

0.0732  1.44357 -0.496806         0

0.0733 1.44669 -0.49715        0

0.0734  1.44982 -0.497476         0

0.0735  1.45295 -0.497781         0

0.0736  1.45607 -0.498067         0

0.0737   1.4592 -0.498333         0

0.0738  1.46234 -0.498579         0

0.0739  1.46547 -0.498806         0

0.074   1.4686 -0.499013         0

0.0741  1.47174 -0.499201         0

0.0742  1.47488 -0.499368         0

0.0743  1.47802 -0.499516         0

0.0744  1.48115 -0.499645         0

0.0745  1.48429 -0.499753         0

0.0746  1.48743 -0.499842         0

0.0747  1.49058 -0.499911         0

0.0748  1.49372 -0.499961         0

0.0749 1.49686 -0.49999        0

0.075 1.5 -0.5    0

0.0751 1.50314 -0.49999        0

0.0752  1.50628 -0.499961         0

0.0753  1.50942 -0.499911         0

0.0754  1.51257 -0.499842         0

0.0755  1.51571 -0.499753         0

0.0756  1.51885 -0.499645         0

0.0757  1.52198 -0.499516         0

0.0758  1.52512 -0.499368         0

0.0759  1.52826 -0.499201         0

0.076   1.5314 -0.499013         0

0.0761  1.53453 -0.498806         0

0.0762  1.53766 -0.498579         0

0.0763   1.5408 -0.498333         0

0.0764  1.54393 -0.498067         0

0.0765  1.54705 -0.497781         0

0.0766  1.55018 -0.497476         0

0.0767 1.55331 -0.49715        0

0.0768  1.55643 -0.496806         0

0.0769  1.55955 -0.496441         0

0.077  1.56267 -0.496057         0

0.0771  1.56578 -0.495654         0

0.0772   1.5689 -0.495231         0

0.0773  1.57201 -0.494788         0

0.0774  1.57511 -0.494326         0

0.0775  1.57822 -0.493844         0

0.0776  1.58132 -0.493343         0

0.0777  1.58442 -0.492822         0

0.0778  1.58751 -0.492282         0

0.0779   1.5906 -0.491723         0

0.078  1.59369 -0.491144         0

0.0781  1.59677 -0.490545         0

0.0782  1.59985 -0.489928         0

0.0783 1.60293 -0.48929        0

0.0784    1.606 -0.488634         0

0.0785  1.60907 -0.487958         0

0.0786  1.61214 -0.487263         0

0.0787  1.61519 -0.486549         0

0.0788  1.61825 -0.485816         0

0.0789   1.6213 -0.485063         0

0.079  1.62434 -0.484292         0

0.0791  1.62739 -0.483501         0

0.0792  1.63042 -0.482691         0

0.0793  1.63345 -0.481862         0

0.0794  1.63648 -0.481014         0

0.0795   1.6395 -0.480147         0

0.0796  1.64251 -0.479261         0

0.0797  1.64552 -0.478356         0

0.0798  1.64852 -0.477432         0

0.0799 1.65152 -0.47649        0

0.08  1.65451 -0.475528         0

0.0801  1.65749 -0.474548         0

0.0802  1.66047 -0.473549         0

0.0803  1.66344 -0.472532         0

0.0804  1.66641 -0.471495         0

0.0805 1.66937 -0.47044        0

0.0806  1.67232 -0.469367         0

0.0807  1.67527 -0.468275         0

0.0808  1.67821 -0.467164         0

0.0809  1.68114 -0.466036         0

0.081  1.68406 -0.464888         0

0.0811  1.68698 -0.463723         0

0.0812  1.68989 -0.462539         0

0.0813  1.69279 -0.461336         0

0.0814  1.69569 -0.460116         0

0.0815  1.69857 -0.458877         0

0.0816  1.70145 -0.457621         0

0.0817  1.70432 -0.456346         0

0.0818  1.70719 -0.455053         0

0.0819  1.71004 -0.453742         0

0.082  1.71289 -0.452414         0

0.0821  1.71573 -0.451067         0

0.0822  1.71856 -0.449703         0

0.0823  1.72138 -0.448321         0

0.0824  1.72419 -0.446921         0

0.0825    1.727 -0.445503         0

0.0826  1.72979 -0.444068         0

0.0827  1.73258 -0.442616         0

0.0828  1.73535 -0.441146         0

0.0829  1.73812 -0.439658         0

0.083  1.74088 -0.438153         0

0.0831  1.74363 -0.436631         0

0.0832  1.74636 -0.435092         0

0.0833  1.74909 -0.433535         0

0.0834  1.75181 -0.431962         0

0.0835  1.75452 -0.430371         0

0.0836  1.75722 -0.428763         0

0.0837  1.75991 -0.427139         0

0.0838  1.76259 -0.425497         0

0.0839  1.76526 -0.423839         0

0.084  1.76791 -0.422164         0

0.0841  1.77056 -0.420472         0

0.0842   1.7732 -0.418764         0

0.0843  1.77582 -0.417039         0

0.0844  1.77844 -0.415298         0

0.0845 1.78104 -0.41354        0

0.0846  1.78363 -0.411766         0

0.0847  1.78622 -0.409976         0

0.0848 1.78879 -0.40817        0

0.0849  1.79135 -0.406347         0

0.085  1.79389 -0.404508         0

0.0851  1.79643 -0.402654         0

0.0852  1.79895 -0.400783         0

0.0853  1.80146 -0.398897         0

0.0854  1.80397 -0.396995         0

0.0855  1.80645 -0.395078         0

0.0856  1.80893 -0.393144         0

0.0857  1.81139 -0.391195         0

0.0858  1.81385 -0.389231         0

0.0859  1.81629 -0.387252         0

0.086  1.81871 -0.385257         0

0.0861  1.82113 -0.383247         0

0.0862  1.82353 -0.381221         0

0.0863  1.82592 -0.379181         0

0.0864  1.82829 -0.377126         0

0.0865  1.83066 -0.375056         0

0.0866  1.83301 -0.372971         0

0.0867  1.83534 -0.370871         0

0.0868  1.83767 -0.368757         0

0.0869  1.83998 -0.366628         0

0.087  1.84227 -0.364484         0

0.0871  1.84456 -0.362327         0

0.0872  1.84683 -0.360155         0

0.0873  1.84908 -0.357968         0

0.0874  1.85132 -0.355768         0

0.0875  1.85355 -0.353553         0

0.0876  1.85577 -0.351325         0

0.0877  1.85797 -0.349083         0

0.0878  1.86015 -0.346827         0

0.0879  1.86233 -0.344557         0

0.088  1.86448 -0.342274         0

0.0881  1.86663 -0.339977         0

0.0882  1.86876 -0.337666         0

0.0883  1.87087 -0.335343         0

0.0884  1.87297 -0.333006         0

0.0885  1.87506 -0.330656         0

0.0886  1.87713 -0.328293         0

0.0887  1.87918 -0.325917         0

0.0888  1.88122 -0.323528         0

0.0889  1.88325 -0.321126         0

0.089  1.88526 -0.318712         0

0.0891  1.88725 -0.316285         0

0.0892  1.88923 -0.313846         0

0.0893   1.8912 -0.311394         0

0.0894 1.89314 -0.30893        0

0.0895  1.89508 -0.306454         0

0.0896    1.897 -0.303965         0

0.0897   1.8989 -0.301465         0

0.0898  1.90078 -0.298952         0

0.0899  1.90265 -0.296428         0

0.09  1.90451 -0.293893         0

0.0901  1.90635 -0.291345         0

0.0902  1.90817 -0.288786         0

0.0903  1.90998 -0.286216         0

0.0904  1.91177 -0.283634         0

0.0905  1.91354 -0.281042         0

0.0906   1.9153 -0.278438         0

0.0907  1.91704 -0.275823         0

0.0908  1.91876 -0.273197         0

0.0909  1.92047 -0.270561         0

0.091  1.92216 -0.267913         0

0.0911  1.92384 -0.265256         0

0.0912   1.9255 -0.262587         0

0.0913  1.92714 -0.259909         0

0.0914 1.92876 -0.25722        0

0.0915  1.93037 -0.254521         0

0.0916  1.93196 -0.251812         0

0.0917  1.93354 -0.249093         0

0.0918  1.93509 -0.246364         0

0.0919  1.93663 -0.243625         0

0.092  1.93815 -0.240877         0

0.0921  1.93966 -0.238119         0

0.0922  1.94115 -0.235352         0

0.0923  1.94262 -0.232576         0

0.0924 1.94407 -0.22979        0

0.0925   1.9455 -0.226995         0

0.0926  1.94692 -0.224192         0

0.0927  1.94832 -0.221379         0

0.0928   1.9497 -0.218558         0

0.0929  1.95107 -0.215728         0

0.093 1.95241 -0.21289        0

0.0931  1.95374 -0.210043         0

0.0932  1.95505 -0.207188         0

0.0933  1.95635 -0.204325         0

0.0934  1.95762 -0.201453         0

0.0935  1.95888 -0.198574         0

0.0936  1.96012 -0.195687         0

0.0937  1.96134 -0.192792         0

0.0938 1.96254 -0.18989        0

0.0939 1.96372 -0.18698        0

0.094  1.96489 -0.184062         0

0.0941  1.96604 -0.181138         0

0.0942  1.96716 -0.178206         0

0.0943  1.96827 -0.175267         0

0.0944  1.96937 -0.172321         0

0.0945  1.97044 -0.169369         0

0.0946  1.9715 -0.16641        0

0.0947  1.97253 -0.163444         0

0.0948  1.97355 -0.160472         0

0.0949  1.97455 -0.157493         0

0.095  1.97553 -0.154508         0

0.0951  1.97649 -0.151518         0

0.0952  1.97743 -0.148521         0

0.0953  1.97836 -0.145518         0

0.0954 1.97926 -0.14251        0

0.0955  1.98015 -0.139496         0

0.0956  1.98101 -0.136476         0

0.0957  1.98186 -0.133451         0

0.0958  1.98269 -0.130421         0

0.0959   1.9835 -0.127385         0

0.096  1.98429 -0.124345         0

0.09611.98506 -0.1213       0

0.0962  1.98582 -0.118249         0

0.0963  1.98655 -0.115195         0

0.0964  1.98726 -0.112135         0

0.0965  1.98796 -0.109072         0

0.0966  1.98863 -0.106004         0

0.0967  1.98929 -0.102931         0

0.0968  1.98993 -0.099855         0

0.0969   1.99055 -0.0967747          0

0.097   1.99114 -0.0936907          0

0.0971   1.99172 -0.0906029          0

0.0972   1.99228 -0.0875115          0

0.0973   1.99282 -0.0844167          0

0.0974   1.99334 -0.0813186          0

0.0975   1.99384 -0.0782172          0

0.0976   1.99433 -0.0751128          0

0.0977   1.99479 -0.0720054          0

0.0978   1.99523 -0.0688951          0

0.0979   1.99565 -0.0657822          0

0.098   1.99606 -0.0626666          0

0.0981   1.99644 -0.0595486          0

0.0982   1.99681 -0.0564282          0

0.0983   1.99715 -0.0533056          0

0.0984   1.99748 -0.0501809          0

0.0985   1.99778 -0.0470542          0

0.0986   1.99807 -0.0439256          0

0.0987   1.99833 -0.0407953          0

0.0988   1.99858 -0.0376634          0

0.0989 1.99881 -0.03453        0

0.099   1.99901 -0.0313953          0

0.0991    1.9992 -0.0282593          0

0.0992   1.99937 -0.0251222          0

0.0993   1.99952 -0.0219841          0

0.0994   1.99964 -0.0188451          0

0.0995   1.99975 -0.0157054          0

0.0996  1.99984 -0.012565         0

0.0997    1.99991 -0.00942422           0

0.0998    1.99996 -0.00628302           0

0.0999    1.99999 -0.00314157           0

